id,pid,host,nonce,sent_time,time_to_send,time_to_rcpt,recv_time
0,0,val2,0,0.018,0.004,0.102,0.124
1,0,val1,2,0.120,0.003,0.812,0.935
2,0,val3,4,0.221,0.003,0.711,0.935
3,0,val2,16,0.830,0.004,0.105,0.939
4,0,val3,14,0.728,0.004,0.207,0.939
5,0,val3,6,0.322,0.004,0.613,0.939
6,0,val1,12,0.626,0.004,0.309,0.939
7,0,val2,8,0.424,0.004,0.512,0.940
8,0,val3,10,0.525,0.004,0.410,0.940
9,1,val1,10,0.534,0.003,0.405,0.942
10,1,val1,14,0.738,0.003,0.205,0.945
11,1,val3,12,0.636,0.003,0.308,0.947
12,1,val3,16,0.839,0.004,0.104,0.947
13,1,val3,8,0.433,0.003,0.512,0.948
14,1,val3,2,0.129,0.003,0.816,0.949
15,1,val1,6,0.332,0.003,0.614,0.949
16,1,val3,0,0.028,0.004,0.917,0.949
17,1,val3,4,0.230,0.004,0.715,0.950
18,2,val1,8,0.443,0.003,0.509,0.955
19,2,val3,10,0.544,0.003,0.408,0.956
20,2,val3,16,0.848,0.004,0.104,0.956
21,2,val1,12,0.646,0.004,0.307,0.957
22,2,val2,14,0.747,0.004,0.206,0.957
23,2,val2,2,0.139,0.003,0.819,0.961
24,2,val1,4,0.241,0.004,0.716,0.961
25,2,val2,0,0.038,0.004,0.920,0.961
26,2,val1,6,0.342,0.004,0.615,0.962
27,3,val3,10,0.553,0.003,0.408,0.964
28,3,val2,12,0.655,0.003,0.307,0.965
29,3,val1,16,0.858,0.004,0.104,0.965
30,3,val1,14,0.757,0.004,0.205,0.966
31,3,val3,6,0.350,0.003,0.615,0.968
32,3,val1,4,0.249,0.003,0.716,0.969
33,3,val2,2,0.149,0.003,0.817,0.969
34,3,val3,0,0.048,0.004,0.918,0.969
35,3,val3,8,0.452,0.004,0.513,0.970
36,4,val1,10,0.565,0.003,0.408,0.975
37,4,val1,12,0.666,0.003,0.307,0.976
38,4,val3,14,0.768,0.004,0.205,0.977
39,4,val2,16,0.869,0.004,0.104,0.977
40,4,val2,8,0.464,0.003,0.513,0.980
41,4,val1,4,0.260,0.004,0.716,0.980
42,4,val2,6,0.362,0.003,0.615,0.980
43,4,val2,2,0.159,0.003,0.819,0.981
44,4,val2,0,0.058,0.004,0.919,0.981
45,0,val2,11,0.575,0.003,0.406,0.985
46,0,val2,13,0.677,0.003,0.305,0.985
47,0,val3,15,0.779,0.004,0.204,0.987
48,0,val2,17,0.880,0.004,0.103,0.987
49,0,val2,1,0.069,0.003,0.919,0.991
50,0,val3,3,0.170,0.003,0.818,0.991
51,0,val2,7,0.373,0.004,0.615,0.991
52,0,val3,5,0.272,0.004,0.716,0.992
53,0,val3,9,0.475,0.004,0.513,0.992
54,1,val2,15,0.788,0.003,0.204,0.995
55,1,val3,17,0.889,0.003,0.103,0.995
56,1,val2,13,0.687,0.003,0.312,1.002
57,1,val3,11,0.585,0.004,0.413,1.002
58,1,val1,9,0.483,0.004,0.515,1.003
59,1,val2,3,0.179,0.003,0.820,1.003
60,1,val1,7,0.382,0.004,0.617,1.003
61,1,val2,1,0.079,0.003,0.922,1.004
62,1,val2,5,0.281,0.004,0.719,1.004
63,2,val3,1,0.089,0.003,0.913,1.005
64,2,val3,13,0.696,0.003,0.306,1.006
65,2,val1,15,0.798,0.004,0.204,1.006
66,2,val2,17,0.900,0.004,0.103,1.007
67,2,val1,11,0.595,0.003,0.411,1.009
68,2,val2,9,0.494,0.003,0.513,1.010
69,2,val2,3,0.190,0.003,0.817,1.010
70,2,val1,7,0.393,0.004,0.614,1.010
71,2,val3,5,0.292,0.004,0.715,1.011
72,3,val1,11,0.604,0.003,0.406,1.013
73,3,val3,15,0.807,0.003,0.204,1.015
74,3,val2,17,0.909,0.003,0.103,1.016
75,3,val3,13,0.706,0.003,0.308,1.018
76,3,val2,9,0.503,0.003,0.513,1.018
77,3,val3,7,0.401,0.003,0.614,1.019
78,3,val2,5,0.300,0.003,0.716,1.019
79,3,val3,1,0.098,0.003,0.918,1.019
80,3,val3,3,0.199,0.004,0.817,1.019
81,4,val1,1,0.108,0.003,0.913,1.025
82,4,val1,15,0.819,0.003,0.205,1.027
83,4,val1,13,0.717,0.003,0.311,1.032
84,4,val2,11,0.616,0.003,0.413,1.032
85,4,val3,9,0.514,0.003,0.515,1.032
86,4,val1,3,0.210,0.004,0.819,1.033
87,4,val3,5,0.311,0.004,0.718,1.033
88,4,val1,7,0.413,0.004,0.617,1.033
89,4,val3,29,1.528,0.003,0.407,1.939
90,4,val1,31,1.629,0.004,0.306,1.939
91,4,val2,33,1.730,0.004,0.206,1.939
92,4,val1,35,1.832,0.004,0.104,1.940
93,4,val2,27,1.427,0.004,0.517,1.948
94,0,val2,30,1.537,0.003,0.408,1.948
95,4,val1,25,1.326,0.003,0.619,1.948
96,4,val3,23,1.225,0.005,0.718,1.948
97,0,val2,32,1.638,0.004,0.307,1.949
98,4,val1,21,1.123,0.003,0.822,1.949
99,4,val1,17,0.920,0.003,1.025,1.949
100,4,val1,19,1.022,0.005,0.923,1.949
101,0,val2,34,1.740,0.004,0.205,1.949
102,0,val1,36,1.842,0.005,0.103,1.949
103,0,val2,26,1.335,0.003,0.615,1.954
104,0,val1,20,1.032,0.003,0.919,1.954
105,0,val2,28,1.437,0.004,0.514,1.954
106,0,val1,22,1.133,0.004,0.818,1.954
107,0,val1,24,1.234,0.004,0.717,1.955
108,0,val1,18,0.931,0.007,1.018,1.955
109,1,val2,22,1.142,0.003,0.813,1.958
110,1,val1,36,1.851,0.004,0.104,1.958
111,1,val2,20,1.041,0.003,0.914,1.959
112,1,val1,32,1.649,0.004,0.306,1.959
113,1,val3,34,1.750,0.005,0.205,1.959
114,1,val2,28,1.446,0.004,0.513,1.963
115,1,val1,24,1.244,0.004,0.715,1.963
116,1,val1,26,1.345,0.004,0.614,1.963
117,1,val1,18,0.939,0.004,1.020,1.964
118,1,val1,30,1.548,0.005,0.411,1.964
119,2,val1,20,1.052,0.004,0.912,1.967
120,2,val2,32,1.660,0.004,0.305,1.969
121,2,val1,36,1.862,0.004,0.103,1.969
122,2,val2,34,1.762,0.004,0.204,1.969
123,2,val2,26,1.356,0.004,0.616,1.976
124,2,val2,18,0.951,0.007,1.018,1.976
125,2,val2,30,1.559,0.006,0.411,1.976
126,2,val3,22,1.153,0.004,0.819,1.976
127,2,val3,24,1.254,0.004,0.718,1.977
128,2,val3,28,1.457,0.005,0.515,1.977
129,3,val1,32,1.668,0.003,0.306,1.977
130,3,val1,30,1.567,0.003,0.408,1.977
131,3,val2,36,1.870,0.004,0.104,1.978
132,3,val2,34,1.769,0.004,0.205,1.978
133,3,val2,22,1.162,0.003,0.819,1.984
134,3,val1,20,1.061,0.003,0.920,1.984
135,3,val1,26,1.365,0.004,0.615,1.984
136,3,val2,24,1.263,0.004,0.717,1.985
137,3,val2,28,1.466,0.005,0.514,1.985
138,3,val2,18,0.960,0.006,1.019,1.985
139,4,val2,20,1.072,0.004,0.912,1.988
140,4,val2,32,1.680,0.004,0.306,1.989
141,4,val3,34,1.781,0.004,0.205,1.990
142,4,val1,36,1.883,0.004,0.104,1.991
143,4,val2,30,1.579,0.004,0.414,1.997
144,4,val3,28,1.478,0.004,0.515,1.997
145,4,val1,18,0.971,0.008,1.018,1.997
146,4,val2,22,1.174,0.004,0.820,1.997
147,4,val3,26,1.377,0.004,0.617,1.998
148,4,val2,24,1.275,0.004,0.719,1.998
149,0,val3,31,1.588,0.004,0.407,1.998
150,0,val3,33,1.689,0.004,0.306,1.999
151,0,val2,35,1.791,0.004,0.205,2.000
152,0,val1,37,1.893,0.004,0.103,2.000
153,0,val2,29,1.487,0.003,0.516,2.006
154,0,val3,27,1.386,0.003,0.618,2.007
155,0,val1,25,1.285,0.003,0.719,2.007
156,0,val2,19,0.981,0.005,1.021,2.007
157,1,val3,31,1.598,0.003,0.406,2.008
158,0,val1,21,1.082,0.003,0.922,2.008
159,1,val3,35,1.800,0.004,0.204,2.008
160,0,val3,23,1.184,0.004,0.820,2.008
161,1,val3,37,1.901,0.004,0.103,2.008
162,1,val3,33,1.699,0.004,0.305,2.009
163,1,val1,29,1.497,0.003,0.517,2.017
164,1,val3,23,1.193,0.004,0.821,2.018
165,1,val1,27,1.395,0.003,0.619,2.018
166,1,val1,19,0.990,0.004,1.025,2.019
167,2,val2,23,1.203,0.003,0.812,2.019
168,1,val1,21,1.092,0.004,0.924,2.019
169,1,val1,25,1.295,0.005,0.720,2.019
170,2,val1,21,1.103,0.003,0.915,2.021
171,2,val3,37,1.913,0.005,0.105,2.023
172,2,val2,35,1.812,0.004,0.207,2.023
173,2,val2,25,1.305,0.004,0.714,2.023
174,2,val3,27,1.406,0.005,0.613,2.024
175,2,val2,33,1.711,0.005,0.308,2.024
176,2,val2,31,1.610,0.005,0.409,2.024
177,2,val1,29,1.508,0.005,0.511,2.024
178,2,val1,19,1.001,0.006,1.018,2.025
179,3,val2,35,1.820,0.003,0.204,2.027
180,3,val1,33,1.718,0.003,0.306,2.028
181,3,val2,23,1.212,0.004,0.818,2.035
182,3,val3,27,1.415,0.004,0.616,2.035
183,3,val1,21,1.111,0.003,0.921,2.035
184,3,val3,31,1.617,0.003,0.415,2.035
185,3,val2,29,1.516,0.005,0.515,2.036
186,3,val1,19,1.010,0.005,1.021,2.036
187,3,val3,25,1.314,0.004,0.718,2.036
188,2,val3,51,2.622,0.004,0.309,2.934
189,2,val2,47,2.419,0.004,0.512,2.935
190,2,val1,43,2.217,0.004,0.715,2.936
191,2,val3,49,2.521,0.005,0.410,2.936
192,2,val1,45,2.318,0.004,0.614,2.936
193,2,val2,39,2.014,0.006,0.916,2.936
194,3,val3,51,2.631,0.003,0.304,2.939
195,3,val2,55,2.833,0.004,0.103,2.940
196,3,val3,53,2.733,0.004,0.204,2.940
197,3,val1,49,2.531,0.003,0.415,2.948
198,3,val2,47,2.429,0.003,0.517,2.949
199,3,val3,45,2.327,0.004,0.619,2.949
200,3,val1,39,2.022,0.004,0.923,2.949
201,3,val2,37,1.921,0.004,1.024,2.950
202,3,val3,41,2.124,0.003,0.823,2.950
203,3,val1,43,2.226,0.004,0.721,2.950
204,4,val1,39,2.035,0.003,0.913,2.952
205,4,val2,53,2.744,0.004,0.205,2.953
206,4,val1,49,2.541,0.004,0.408,2.953
207,4,val2,51,2.643,0.004,0.306,2.953
208,4,val1,55,2.845,0.005,0.103,2.953
209,4,val1,47,2.441,0.004,0.514,2.959
210,4,val2,41,2.137,0.004,0.819,2.959
211,4,val1,45,2.339,0.004,0.616,2.959
212,4,val2,37,1.934,0.005,1.021,2.960
213,4,val2,43,2.238,0.005,0.717,2.960
214,0,val3,40,2.045,0.004,0.913,2.961
215,0,val3,42,2.147,0.004,0.811,2.962
216,0,val3,56,2.856,0.004,0.102,2.962
217,0,val1,52,2.653,0.004,0.310,2.967
218,0,val3,54,2.755,0.004,0.208,2.967
219,0,val2,46,2.349,0.004,0.614,2.967
220,0,val1,48,2.451,0.004,0.513,2.968
221,0,val1,38,1.944,0.006,1.018,2.968
222,1,val2,46,2.355,0.003,0.610,2.968
223,0,val3,44,2.248,0.004,0.716,2.969
224,0,val3,50,2.552,0.006,0.411,2.969
225,1,val1,52,2.659,0.004,0.306,2.969
226,1,val3,54,2.761,0.004,0.204,2.969
227,1,val1,56,2.862,0.005,0.103,2.970
228,1,val1,50,2.558,0.004,0.413,2.974
229,1,val3,48,2.457,0.004,0.514,2.974
230,1,val2,42,2.153,0.003,0.818,2.975
231,1,val3,44,2.255,0.003,0.717,2.975
232,1,val1,40,2.052,0.004,0.920,2.976
233,1,val3,38,1.952,0.004,1.021,2.976
234,2,val2,38,1.963,0.004,1.013,2.979
235,2,val2,56,2.873,0.004,0.104,2.981
236,2,val1,54,2.773,0.004,0.205,2.981
237,2,val3,50,2.571,0.004,0.407,2.981
238,2,val1,52,2.672,0.004,0.310,2.987
239,2,val1,48,2.470,0.004,0.514,2.987
240,2,val1,46,2.368,0.004,0.615,2.987
241,2,val3,40,2.065,0.004,0.919,2.988
242,2,val1,42,2.166,0.004,0.818,2.988
243,2,val1,44,2.268,0.005,0.716,2.988
244,3,val1,40,2.073,0.003,0.912,2.989
245,3,val3,52,2.682,0.004,0.306,2.991
246,3,val2,54,2.783,0.004,0.205,2.992
247,3,val3,56,2.884,0.005,0.103,2.992
248,3,val3,50,2.581,0.004,0.413,2.997
249,3,val1,44,2.276,0.004,0.718,2.998
250,3,val2,42,2.175,0.004,0.819,2.998
251,3,val3,46,2.378,0.005,0.615,2.998
252,3,val1,38,1.972,0.004,1.023,2.999
253,3,val1,48,2.480,0.005,0.514,2.999
254,4,val2,50,2.592,0.003,0.405,3.001
255,4,val1,56,2.895,0.004,0.104,3.003
256,4,val2,54,2.794,0.004,0.205,3.003
257,4,val3,48,2.491,0.003,0.509,3.004
258,4,val1,52,2.693,0.004,0.306,3.004
259,4,val1,40,2.086,0.003,0.920,3.009
260,4,val3,38,1.984,0.006,1.020,3.009
261,4,val1,46,2.390,0.004,0.616,3.010
262,4,val3,44,2.289,0.005,0.717,3.010
263,4,val2,42,2.187,0.004,0.819,3.011
264,0,val2,43,2.198,0.004,0.812,3.013
265,0,val3,41,2.096,0.003,0.914,3.014
266,0,val2,55,2.805,0.004,0.204,3.014
267,0,val1,57,2.907,0.004,0.103,3.014
268,0,val3,53,2.704,0.004,0.311,3.019
269,1,val1,51,2.608,0.003,0.407,3.019
270,1,val2,53,2.710,0.004,0.306,3.019
271,0,val2,51,2.603,0.004,0.412,3.019
272,0,val1,47,2.400,0.004,0.615,3.020
273,1,val1,55,2.811,0.004,0.205,3.020
274,1,val3,57,2.912,0.005,0.103,3.020
275,0,val3,49,2.502,0.004,0.514,3.020
276,0,val1,45,2.299,0.004,0.717,3.020
277,0,val3,39,1.994,0.006,1.020,3.021
278,1,val3,49,2.508,0.004,0.515,3.027
279,1,val1,47,2.406,0.003,0.618,3.027
280,1,val2,45,2.305,0.004,0.718,3.027
281,1,val1,43,2.204,0.003,0.821,3.028
282,1,val1,41,2.103,0.003,0.922,3.028
283,1,val1,39,2.002,0.004,1.023,3.028
284,2,val3,41,2.115,0.003,0.913,3.032
285,2,val1,53,2.723,0.004,0.306,3.032
286,2,val2,55,2.823,0.004,0.206,3.033
287,1,val1,71,3.623,0.003,0.307,3.933
288,1,val3,75,3.826,0.004,0.104,3.934
289,1,val3,69,3.522,0.003,0.412,3.937
290,1,val1,59,3.013,0.004,0.920,3.938
291,1,val3,67,3.420,0.003,0.514,3.938
292,1,val3,65,3.319,0.003,0.616,3.938
293,1,val1,63,3.217,0.004,0.717,3.939
294,1,val3,61,3.116,0.003,0.820,3.939
295,2,val2,73,3.734,0.004,0.205,3.943
296,2,val1,75,3.835,0.004,0.104,3.943
297,2,val3,71,3.633,0.004,0.308,3.945
298,2,val3,69,3.532,0.004,0.409,3.945
299,2,val1,59,3.026,0.004,0.917,3.946
300,2,val3,63,3.228,0.004,0.713,3.946
301,2,val1,61,3.127,0.004,0.816,3.946
302,2,val1,65,3.330,0.004,0.613,3.947
303,2,val1,67,3.431,0.005,0.511,3.947
304,2,val1,57,2.924,0.007,1.017,3.947
305,3,val2,59,3.036,0.004,0.914,3.953
306,3,val1,75,3.847,0.004,0.104,3.954
307,3,val2,71,3.644,0.004,0.306,3.954
308,3,val3,73,3.746,0.004,0.205,3.955
309,3,val2,67,3.442,0.004,0.513,3.958
310,3,val1,65,3.340,0.004,0.615,3.958
311,3,val3,57,2.935,0.005,1.018,3.959
312,3,val2,61,3.137,0.004,0.818,3.959
313,3,val1,63,3.239,0.005,0.715,3.959
314,3,val3,69,3.543,0.005,0.411,3.960
315,4,val3,75,3.858,0.003,0.103,3.964
316,4,val2,59,3.048,0.003,0.914,3.965
317,4,val2,61,3.149,0.004,0.813,3.966
318,4,val2,73,3.757,0.004,0.205,3.966
319,4,val3,69,3.555,0.004,0.408,3.967
320,4,val2,71,3.656,0.005,0.306,3.967
321,4,val1,57,2.946,0.004,1.019,3.969
322,4,val3,63,3.251,0.004,0.714,3.969
323,4,val1,67,3.454,0.005,0.511,3.969
324,4,val2,65,3.352,0.005,0.613,3.970
325,0,val2,76,3.870,0.003,0.105,3.978
326,0,val1,70,3.566,0.004,0.408,3.978
327,0,val2,72,3.667,0.003,0.308,3.979
328,0,val1,74,3.769,0.005,0.205,3.979
329,0,val2,60,3.059,0.003,0.917,3.979
330,0,val3,62,3.160,0.004,0.818,3.982
331,1,val1,68,3.471,0.003,0.509,3.983
332,0,val2,58,2.958,0.005,1.020,3.983
333,0,val2,64,3.262,0.005,0.717,3.983
334,0,val3,68,3.465,0.005,0.514,3.983
335,0,val1,66,3.364,0.005,0.615,3.984
336,1,val3,70,3.573,0.004,0.407,3.984
337,1,val3,74,3.775,0.005,0.204,3.984
338,1,val1,72,3.674,0.004,0.307,3.984
339,1,val3,76,3.876,0.005,0.103,3.985
340,1,val1,62,3.166,0.003,0.820,3.990
341,1,val2,60,3.065,0.003,0.921,3.990
342,1,val3,66,3.370,0.004,0.616,3.990
343,1,val2,58,2.963,0.004,1.024,3.991
344,1,val1,64,3.268,0.005,0.718,3.991
345,2,val1,60,3.076,0.003,0.913,3.993
346,2,val3,72,3.683,0.003,0.306,3.993
347,2,val2,74,3.785,0.004,0.205,3.994
348,2,val2,76,3.886,0.005,0.103,3.994
349,2,val3,70,3.583,0.004,0.412,3.999
350,2,val3,64,3.279,0.004,0.717,3.999
351,2,val3,62,3.178,0.004,0.818,3.999
352,2,val2,68,3.481,0.004,0.515,3.999
353,2,val3,58,2.975,0.004,1.021,4.000
354,2,val3,66,3.380,0.005,0.615,4.000
355,3,val1,60,3.087,0.003,0.913,4.003
356,3,val3,76,3.897,0.004,0.104,4.005
357,3,val1,72,3.695,0.004,0.307,4.005
358,3,val2,74,3.796,0.004,0.206,4.006
359,3,val1,70,3.594,0.004,0.409,4.006
360,3,val2,62,3.188,0.004,0.817,4.009
361,3,val3,64,3.289,0.004,0.716,4.010
362,3,val1,66,3.390,0.005,0.615,4.010
363,3,val1,58,2.986,0.005,1.019,4.010
364,3,val3,68,3.492,0.004,0.514,4.010
365,4,val2,76,3.909,0.004,0.103,4.015
366,4,val3,74,3.807,0.003,0.205,4.016
367,4,val1,60,3.098,0.003,0.914,4.016
368,4,val1,62,3.200,0.004,0.813,4.016
369,4,val2,68,3.504,0.004,0.514,4.022
370,4,val1,64,3.302,0.004,0.716,4.022
371,4,val3,58,2.997,0.005,1.020,4.023
372,4,val2,72,3.707,0.005,0.311,4.023
373,4,val1,66,3.403,0.004,0.616,4.023
374,4,val3,70,3.605,0.006,0.413,4.024
375,0,val1,61,3.109,0.004,0.916,4.029
376,0,val3,69,3.515,0.004,0.511,4.029
377,0,val3,71,3.617,0.004,0.409,4.030
378,0,val1,73,3.718,0.005,0.307,4.030
379,0,val1,75,3.820,0.005,0.206,4.030
380,0,val1,67,3.414,0.004,0.614,4.033
381,0,val2,63,3.211,0.004,0.818,4.033
382,0,val3,65,3.313,0.005,0.715,4.033
383,0,val1,59,3.008,0.004,1.021,4.034
384,1,val2,73,3.724,0.004,0.307,4.035
385,0,val1,79,4.022,0.003,0.913,4.939
386,0,val3,93,4.731,0.004,0.204,4.939
387,0,val2,95,4.833,0.004,0.103,4.939
388,0,val3,91,4.630,0.004,0.311,4.945
389,0,val2,85,4.326,0.004,0.616,4.946
390,0,val3,89,4.529,0.004,0.414,4.946
391,0,val2,83,4.225,0.004,0.717,4.946
392,1,val2,95,4.838,0.004,0.105,4.947
393,0,val3,81,4.123,0.004,0.820,4.947
394,1,val3,93,4.737,0.003,0.206,4.947
395,1,val3,79,4.028,0.004,0.915,4.947
396,0,val2,87,4.428,0.005,0.514,4.947
397,0,val1,77,3.921,0.006,1.021,4.947
398,1,val3,89,4.535,0.004,0.409,4.948
399,1,val3,91,4.636,0.004,0.308,4.948
400,1,val3,81,4.130,0.004,0.818,4.952
401,1,val1,83,4.232,0.004,0.716,4.952
402,1,val3,85,4.333,0.004,0.616,4.953
403,1,val2,87,4.434,0.005,0.514,4.953
404,1,val2,77,3.927,0.007,1.019,4.954
405,2,val3,79,4.038,0.003,0.914,4.955
406,2,val3,81,4.140,0.004,0.813,4.956
407,2,val2,91,4.646,0.004,0.307,4.956
408,2,val2,95,4.850,0.004,0.105,4.960
409,2,val2,89,4.545,0.004,0.411,4.960
410,2,val2,85,4.342,0.004,0.614,4.960
411,2,val1,93,4.748,0.004,0.209,4.961
412,2,val2,83,4.241,0.004,0.715,4.961
413,2,val2,87,4.444,0.005,0.513,4.961
414,2,val2,77,3.937,0.004,1.021,4.962
415,3,val2,79,4.050,0.004,0.912,4.965
416,3,val1,91,4.657,0.004,0.306,4.966
417,3,val2,95,4.860,0.004,0.103,4.967
418,3,val1,93,4.759,0.004,0.204,4.968
419,3,val2,89,4.556,0.004,0.412,4.972
420,3,val3,87,4.455,0.004,0.514,4.972
421,3,val2,85,4.353,0.004,0.616,4.973
422,3,val1,81,4.151,0.004,0.818,4.973
423,3,val1,77,3.948,0.004,1.021,4.973
424,3,val1,83,4.253,0.005,0.716,4.974
425,4,val2,91,4.669,0.003,0.306,4.978
426,4,val2,93,4.771,0.004,0.204,4.978
427,4,val2,95,4.872,0.004,0.103,4.979
428,4,val3,89,4.567,0.004,0.414,4.985
429,4,val1,87,4.466,0.003,0.516,4.985
430,4,val3,83,4.264,0.004,0.718,4.986
431,4,val2,81,4.162,0.004,0.820,4.986
432,4,val1,85,4.364,0.003,0.618,4.986
433,4,val1,79,4.061,0.003,0.922,4.986
434,4,val1,77,3.960,0.006,1.021,4.987
435,0,val3,96,4.883,0.003,0.102,4.988
436,0,val1,80,4.073,0.003,0.914,4.990
437,0,val3,94,4.782,0.004,0.205,4.991
438,0,val3,90,4.579,0.004,0.408,4.991
439,0,val2,92,4.681,0.004,0.307,4.991
440,1,val2,96,4.889,0.003,0.103,4.995
441,1,val1,94,4.788,0.004,0.204,4.996
442,1,val2,92,4.687,0.004,0.305,4.996
443,0,val3,82,4.174,0.004,0.820,4.998
444,0,val2,88,4.478,0.004,0.515,4.998
445,0,val2,84,4.276,0.004,0.718,4.998
446,0,val3,78,3.972,0.005,1.021,4.999
447,0,val2,86,4.377,0.005,0.617,4.999
448,1,val1,80,4.079,0.004,0.921,5.004
449,1,val2,88,4.484,0.004,0.516,5.004
450,1,val3,82,4.181,0.004,0.820,5.005
451,1,val1,90,4.585,0.005,0.415,5.005
452,1,val3,78,3.978,0.007,1.020,5.005
453,1,val1,84,4.282,0.004,0.719,5.006
454,1,val1,86,4.384,0.004,0.618,5.006
455,2,val2,88,4.494,0.003,0.510,5.007
456,2,val3,90,4.595,0.004,0.409,5.008
457,2,val3,92,4.697,0.004,0.307,5.008
458,2,val1,94,4.799,0.004,0.206,5.009
459,2,val1,96,4.900,0.005,0.104,5.009
460,2,val3,80,4.089,0.003,0.919,5.011
461,2,val1,86,4.393,0.004,0.615,5.012
462,2,val2,78,3.988,0.005,1.020,5.012
463,2,val3,82,4.191,0.004,0.818,5.012
464,2,val2,84,4.292,0.005,0.716,5.013
465,3,val2,90,4.607,0.003,0.407,5.017
466,3,val3,92,4.708,0.004,0.305,5.017
467,3,val1,96,4.910,0.004,0.104,5.018
468,3,val1,94,4.810,0.004,0.204,5.018
469,3,val1,88,4.506,0.003,0.515,5.025
470,3,val2,86,4.404,0.003,0.617,5.025
471,3,val1,84,4.303,0.004,0.718,5.025
472,3,val2,80,4.100,0.004,0.922,5.025
473,3,val2,82,4.202,0.004,0.820,5.026
474,3,val2,78,3.999,0.004,1.024,5.026
475,4,val1,80,4.111,0.003,0.915,5.029
476,4,val1,88,4.516,0.004,0.510,5.030
477,4,val2,94,4.821,0.004,0.205,5.030
478,4,val1,92,4.720,0.004,0.311,5.035
479,4,val1,78,4.010,0.003,1.022,5.035
480,4,val3,86,4.415,0.004,0.616,5.036
481,4,val2,82,4.213,0.004,0.819,5.036
482,4,val3,84,4.314,0.004,0.718,5.036
483,4,val3,90,4.618,0.005,0.413,5.037
484,3,val1,114,5.823,0.004,0.104,5.931
485,3,val1,104,5.316,0.004,0.614,5.934
486,3,val1,102,5.215,0.004,0.716,5.935
487,3,val1,98,5.012,0.005,0.919,5.935
488,3,val2,110,5.621,0.005,0.309,5.935
489,3,val3,106,5.418,0.005,0.512,5.936
490,3,val1,108,5.520,0.005,0.411,5.936
491,4,val2,114,5.834,0.003,0.103,5.941
492,4,val2,110,5.632,0.003,0.305,5.941
493,4,val3,112,5.733,0.004,0.204,5.941
494,4,val2,108,5.531,0.004,0.414,5.948
495,4,val1,106,5.430,0.003,0.515,5.949
496,4,val1,104,5.328,0.004,0.617,5.949
497,4,val2,100,5.125,0.004,0.820,5.949
498,4,val2,102,5.227,0.004,0.719,5.949
499,4,val1,96,4.923,0.008,1.019,5.950
500,4,val3,98,5.024,0.003,0.923,5.950
501,0,val1,107,5.441,0.003,0.507,5.952
502,0,val1,111,5.645,0.004,0.305,5.954
503,0,val2,115,5.847,0.004,0.103,5.954
504,1,val3,97,4.940,0.003,1.012,5.955
505,0,val3,113,5.746,0.004,0.206,5.956
506,1,val2,109,5.547,0.004,0.407,5.957
507,1,val1,113,5.748,0.004,0.206,5.958
508,1,val1,111,5.647,0.004,0.307,5.958
509,1,val2,115,5.850,0.005,0.104,5.959
510,0,val2,105,5.340,0.003,0.617,5.960
511,0,val3,101,5.137,0.003,0.820,5.961
512,0,val1,97,4.934,0.004,1.023,5.961
513,0,val3,99,5.036,0.004,0.921,5.961
514,0,val3,103,5.239,0.004,0.719,5.961
515,0,val3,109,5.543,0.005,0.413,5.962
516,1,val3,105,5.345,0.004,0.615,5.963
517,1,val2,107,5.446,0.004,0.514,5.964
518,1,val2,99,5.041,0.004,0.919,5.964
519,1,val2,101,5.142,0.004,0.818,5.964
520,1,val2,103,5.244,0.005,0.716,5.965
521,2,val1,109,5.558,0.003,0.407,5.968
522,2,val2,115,5.861,0.004,0.104,5.968
523,2,val1,111,5.659,0.004,0.306,5.969
524,2,val1,113,5.760,0.005,0.205,5.969
525,2,val2,105,5.355,0.003,0.616,5.975
526,2,val3,103,5.254,0.004,0.717,5.975
527,2,val2,99,5.052,0.003,0.920,5.975
528,2,val1,101,5.153,0.004,0.819,5.976
529,2,val2,107,5.457,0.005,0.514,5.976
530,2,val1,97,4.951,0.006,1.019,5.976
531,3,val3,115,5.874,0.003,0.103,5.980
532,3,val1,111,5.672,0.003,0.305,5.980
533,3,val3,113,5.773,0.004,0.204,5.981
534,3,val1,109,5.571,0.003,0.414,5.988
535,3,val1,97,4.961,0.005,1.022,5.989
536,3,val3,107,5.469,0.003,0.517,5.989
537,3,val2,101,5.164,0.004,0.821,5.989
538,3,val3,99,5.063,0.003,0.923,5.990
539,3,val3,105,5.368,0.005,0.617,5.990
540,3,val1,103,5.266,0.005,0.719,5.990
541,4,val1,111,5.682,0.003,0.305,5.990
542,4,val3,101,5.176,0.004,0.813,5.993
543,4,val2,115,5.885,0.004,0.104,5.993
544,4,val1,99,5.075,0.003,0.915,5.994
545,4,val3,113,5.784,0.004,0.206,5.994
546,4,val3,103,5.277,0.005,0.714,5.996
547,4,val2,107,5.480,0.004,0.512,5.996
548,4,val3,97,4.974,0.005,1.018,5.997
549,4,val3,109,5.582,0.005,0.410,5.997
550,4,val1,105,5.379,0.005,0.614,5.997
551,0,val1,100,5.087,0.003,0.914,6.004
552,0,val2,102,5.188,0.004,0.812,6.004
553,0,val1,114,5.796,0.004,0.206,6.007
554,1,val1,112,5.698,0.004,0.306,6.007
555,0,val3,106,5.391,0.004,0.612,6.007
556,1,val3,114,5.799,0.004,0.204,6.007
557,1,val1,116,5.901,0.004,0.103,6.008
558,0,val3,116,5.898,0.005,0.105,6.008
559,0,val1,112,5.695,0.005,0.309,6.009
560,1,val2,110,5.597,0.004,0.408,6.009
561,1,val1,108,5.496,0.004,0.509,6.009
562,1,val2,106,5.395,0.003,0.611,6.010
563,0,val3,98,4.985,0.005,1.020,6.009
564,0,val1,108,5.492,0.005,0.512,6.010
565,0,val3,104,5.290,0.004,0.716,6.010
566,0,val1,110,5.594,0.006,0.411,6.010
567,1,val1,104,5.294,0.003,0.715,6.012
568,1,val3,100,5.091,0.004,0.917,6.012
569,1,val1,102,5.193,0.004,0.816,6.013
570,1,val3,98,4.991,0.005,1.018,6.013
571,2,val1,116,5.912,0.003,0.104,6.019
572,2,val2,114,5.810,0.004,0.205,6.019
573,2,val3,110,5.608,0.003,0.408,6.020
574,2,val3,112,5.709,0.004,0.307,6.020
575,2,val3,108,5.507,0.003,0.516,6.026
576,2,val2,104,5.304,0.004,0.719,6.027
577,2,val3,106,5.406,0.003,0.618,6.027
578,2,val2,100,5.103,0.003,0.921,6.027
579,2,val2,98,5.002,0.006,1.020,6.028
580,2,val3,102,5.203,0.004,0.821,6.028
581,3,val2,100,5.114,0.003,0.912,6.030
582,3,val3,112,5.722,0.004,0.305,6.031
583,2,val3,120,6.116,0.004,0.817,6.937
584,2,val2,130,6.622,0.004,0.311,6.937
585,2,val2,126,6.420,0.004,0.514,6.937
586,2,val3,128,6.520,0.004,0.413,6.938
587,2,val2,122,6.217,0.004,0.717,6.938
588,2,val2,124,6.318,0.005,0.616,6.938
589,3,val2,124,6.328,0.003,0.608,6.940
590,3,val3,134,6.835,0.004,0.103,6.941
591,3,val1,120,6.126,0.003,0.817,6.946
592,3,val2,130,6.632,0.004,0.310,6.946
593,3,val2,118,6.025,0.005,0.917,6.947
594,3,val1,126,6.430,0.004,0.513,6.947
595,3,val2,116,5.924,0.006,1.017,6.947
596,3,val1,132,6.734,0.005,0.209,6.948
597,3,val1,128,6.531,0.004,0.412,6.948
598,3,val1,122,6.228,0.004,0.716,6.948
599,4,val1,132,6.746,0.003,0.203,6.952
600,4,val1,128,6.544,0.003,0.406,6.954
601,4,val1,130,6.645,0.004,0.305,6.954
602,4,val2,134,6.847,0.004,0.103,6.955
603,4,val1,126,6.443,0.004,0.515,6.962
604,4,val2,124,6.342,0.003,0.617,6.962
605,4,val3,122,6.241,0.005,0.717,6.963
606,4,val2,116,5.935,0.003,1.024,6.963
607,4,val2,118,6.038,0.004,0.922,6.963
608,4,val2,120,6.139,0.004,0.820,6.964
609,0,val3,119,6.050,0.003,0.913,6.967
610,1,val2,119,6.052,0.004,0.911,6.967
611,0,val3,129,6.557,0.004,0.408,6.969
612,1,val2,135,6.862,0.004,0.103,6.969
613,1,val3,129,6.558,0.004,0.407,6.969
614,0,val1,131,6.659,0.004,0.307,6.970
615,1,val1,133,6.760,0.004,0.205,6.970
616,1,val1,131,6.660,0.004,0.306,6.970
617,0,val1,133,6.760,0.005,0.205,6.970
618,0,val1,135,6.861,0.005,0.104,6.970
619,0,val2,125,6.354,0.004,0.614,6.972
620,0,val2,121,6.152,0.004,0.817,6.973
621,0,val3,123,6.253,0.004,0.716,6.973
622,0,val2,127,6.456,0.005,0.512,6.973
623,0,val1,117,5.949,0.006,1.019,6.974
624,1,val3,127,6.457,0.004,0.514,6.975
625,1,val2,121,6.154,0.004,0.818,6.975
626,1,val3,125,6.356,0.004,0.616,6.976
627,1,val2,117,5.952,0.006,1.018,6.976
628,1,val3,123,6.255,0.004,0.717,6.976
629,2,val3,129,6.571,0.003,0.406,6.981
630,2,val1,135,6.875,0.003,0.104,6.982
631,2,val2,131,6.673,0.004,0.306,6.982
632,2,val3,133,6.774,0.004,0.205,6.982
633,2,val1,127,6.470,0.004,0.515,6.989
634,2,val3,125,6.369,0.004,0.617,6.989
635,2,val1,119,6.065,0.003,0.921,6.990
636,2,val3,123,6.268,0.004,0.718,6.990
637,2,val2,121,6.166,0.004,0.820,6.990
638,2,val3,117,5.963,0.007,1.021,6.991
639,3,val1,119,6.076,0.003,0.912,6.991
640,3,val3,135,6.885,0.004,0.104,6.993
641,3,val1,127,6.480,0.004,0.510,6.994
642,3,val2,129,6.582,0.004,0.408,6.994
643,3,val2,133,6.784,0.004,0.206,6.994
644,3,val1,131,6.683,0.005,0.308,6.996
645,3,val3,125,6.379,0.004,0.613,6.996
646,3,val3,123,6.278,0.004,0.715,6.997
647,3,val2,121,6.177,0.004,0.816,6.997
648,3,val2,117,5.975,0.004,1.018,6.997
649,4,val1,133,6.796,0.003,0.205,7.005
650,4,val2,119,6.088,0.004,0.913,7.005
651,4,val1,131,6.695,0.004,0.306,7.005
652,4,val1,135,6.898,0.004,0.104,7.006
653,4,val3,127,6.493,0.004,0.514,7.011
654,4,val1,129,6.595,0.004,0.413,7.012
655,4,val3,125,6.392,0.004,0.615,7.012
656,4,val1,121,6.190,0.004,0.818,7.012
657,4,val2,123,6.291,0.004,0.717,7.012
658,4,val3,117,5.987,0.005,1.020,7.013
659,0,val2,120,6.101,0.003,0.914,7.019
660,0,val2,132,6.709,0.004,0.306,7.019
661,1,val2,134,6.811,0.004,0.205,7.019
662,1,val1,130,6.609,0.004,0.407,7.020
663,0,val3,136,6.912,0.004,0.104,7.020
664,0,val3,134,6.811,0.004,0.205,7.020
665,1,val1,132,6.710,0.004,0.306,7.020
666,1,val1,136,6.912,0.004,0.103,7.020
667,0,val2,130,6.608,0.004,0.413,7.024
668,0,val3,128,6.507,0.004,0.514,7.025
669,0,val1,122,6.203,0.004,0.818,7.025
670,0,val2,124,6.304,0.004,0.718,7.025
671,0,val1,126,6.405,0.005,0.616,7.026
672,0,val3,118,6.000,0.006,1.020,7.026
673,1,val3,128,6.508,0.003,0.515,7.026
674,1,val2,120,6.103,0.004,0.920,7.027
675,1,val3,126,6.406,0.003,0.617,7.027
676,1,val2,124,6.305,0.004,0.718,7.027
677,1,val2,118,6.002,0.004,1.021,7.028
678,1,val3,122,6.204,0.003,0.821,7.028
679,2,val3,132,6.723,0.003,0.307,7.033
680,2,val3,118,6.013,0.003,1.016,7.033
681,2,val3,134,6.824,0.004,0.205,7.034
682,1,val1,150,7.622,0.003,0.308,7.934
683,0,val3,146,7.417,0.004,0.513,7.934
684,0,val1,140,7.114,0.003,0.817,7.934
685,0,val3,144,7.316,0.004,0.615,7.934
686,0,val3,142,7.215,0.004,0.716,7.935
687,0,val3,138,7.013,0.004,0.918,7.935
688,1,val1,148,7.521,0.003,0.411,7.936
689,1,val3,152,7.724,0.005,0.208,7.936
690,1,val2,140,7.116,0.004,0.818,7.937
691,1,val2,154,7.826,0.005,0.107,7.938
692,1,val2,138,7.014,0.004,0.921,7.938
693,1,val3,146,7.421,0.004,0.514,7.938
694,1,val3,142,7.217,0.004,0.717,7.938
695,1,val3,144,7.319,0.005,0.615,7.939
696,2,val2,154,7.835,0.003,0.103,7.941
697,2,val1,152,7.733,0.004,0.204,7.941
698,2,val3,150,7.633,0.003,0.306,7.942
699,2,val3,148,7.532,0.004,0.415,7.951
700,2,val1,144,7.329,0.003,0.618,7.951
701,2,val2,136,6.925,0.007,1.019,7.951
702,2,val3,146,7.431,0.004,0.517,7.951
703,2,val1,140,7.127,0.003,0.821,7.952
704,2,val3,138,7.026,0.004,0.922,7.952
705,2,val1,142,7.228,0.004,0.721,7.952
706,3,val3,152,7.745,0.003,0.207,7.955
707,3,val3,138,7.037,0.003,0.915,7.956
708,3,val1,150,7.644,0.003,0.310,7.957
709,3,val3,148,7.543,0.004,0.410,7.957
710,3,val2,144,7.340,0.003,0.615,7.958
711,3,val2,154,7.848,0.005,0.106,7.958
712,3,val1,146,7.442,0.005,0.512,7.958
713,3,val2,136,6.936,0.004,1.018,7.959
714,3,val3,142,7.239,0.004,0.716,7.959
715,3,val3,140,7.138,0.004,0.817,7.959
716,4,val2,138,7.050,0.003,0.913,7.966
717,4,val3,150,7.658,0.004,0.306,7.968
718,4,val3,154,7.860,0.005,0.103,7.968
719,4,val3,152,7.760,0.004,0.205,7.969
720,4,val2,146,7.455,0.004,0.515,7.973
721,4,val1,144,7.354,0.004,0.616,7.974
722,4,val2,148,7.557,0.005,0.412,7.974
723,4,val1,136,6.948,0.005,1.021,7.974
724,4,val1,142,7.253,0.005,0.717,7.974
725,4,val3,140,7.151,0.004,0.820,7.975
726,0,val2,153,7.769,0.003,0.203,7.976
727,0,val2,155,7.870,0.004,0.102,7.977
728,0,val2,151,7.669,0.003,0.307,7.979
729,0,val2,149,7.568,0.004,0.408,7.979
730,0,val3,147,7.467,0.003,0.509,7.980
731,1,val2,149,7.572,0.003,0.407,7.982
732,1,val3,151,7.673,0.003,0.306,7.983
733,1,val2,153,7.775,0.004,0.204,7.983
734,1,val3,155,7.876,0.005,0.103,7.984
735,0,val3,145,7.367,0.003,0.616,7.986
736,0,val2,139,7.063,0.003,0.919,7.986
737,0,val2,143,7.265,0.004,0.717,7.986
738,0,val3,137,6.963,0.006,1.018,7.987
739,0,val2,141,7.165,0.004,0.818,7.987
740,1,val1,147,7.471,0.003,0.515,7.990
741,1,val2,137,6.963,0.004,1.024,7.990
742,1,val3,139,7.065,0.004,0.921,7.990
743,1,val1,141,7.166,0.004,0.820,7.991
744,1,val2,143,7.268,0.005,0.718,7.991
745,1,val1,145,7.370,0.005,0.617,7.991
746,2,val3,155,7.886,0.003,0.104,7.993
747,2,val1,153,7.784,0.003,0.206,7.994
748,2,val3,141,7.177,0.003,0.814,7.994
749,2,val1,151,7.683,0.003,0.308,7.994
750,2,val2,139,7.076,0.003,0.915,7.995
751,2,val2,149,7.583,0.004,0.411,7.998
752,2,val2,147,7.481,0.004,0.513,7.998
753,2,val2,143,7.279,0.004,0.716,7.999
754,2,val1,137,6.976,0.004,1.019,7.999
755,2,val2,145,7.380,0.004,0.615,7.999
756,3,val1,147,7.492,0.003,0.510,8.005
757,3,val2,149,7.593,0.004,0.408,8.005
758,3,val2,151,7.695,0.004,0.307,8.006
759,3,val2,153,7.797,0.004,0.205,8.006
760,3,val1,155,7.898,0.005,0.104,8.007
761,3,val2,145,7.391,0.004,0.615,8.009
762,3,val2,143,7.290,0.003,0.716,8.009
763,3,val3,139,7.088,0.003,0.918,8.010
764,3,val3,137,6.987,0.004,1.020,8.010
765,3,val2,141,7.189,0.003,0.818,8.010
766,4,val3,147,7.506,0.004,0.507,8.017
767,4,val1,145,7.404,0.003,0.612,8.019
768,4,val3,155,7.911,0.004,0.105,8.020
769,4,val2,149,7.607,0.004,0.408,8.020
770,4,val1,153,7.810,0.004,0.206,8.020
771,4,val3,151,7.709,0.004,0.307,8.020
772,4,val2,143,7.303,0.004,0.716,8.022
773,4,val3,139,7.101,0.004,0.918,8.023
774,4,val3,137,6.999,0.003,1.021,8.023
775,4,val1,141,7.202,0.004,0.817,8.023
776,0,val1,154,7.820,0.003,0.203,8.027
777,0,val1,150,7.618,0.003,0.409,8.030
778,0,val1,152,7.719,0.004,0.308,8.031
779,0,val3,148,7.517,0.003,0.511,8.031
780,4,val2,167,8.518,0.004,0.413,8.935
781,4,val3,165,8.417,0.004,0.515,8.936
782,4,val2,163,8.316,0.004,0.616,8.936
783,4,val3,159,8.114,0.003,0.819,8.936
784,4,val3,161,8.215,0.003,0.718,8.937
785,4,val3,157,8.013,0.006,0.918,8.937
786,0,val3,162,8.227,0.004,0.710,8.941
787,0,val1,160,8.125,0.004,0.812,8.941
788,0,val2,174,8.835,0.005,0.105,8.945
789,0,val1,172,8.734,0.004,0.207,8.945
790,1,val1,168,8.534,0.003,0.407,8.945
791,0,val2,166,8.430,0.004,0.511,8.945
792,0,val1,164,8.328,0.004,0.613,8.946
793,1,val3,170,8.636,0.004,0.306,8.946
794,1,val2,172,8.737,0.004,0.205,8.946
795,1,val1,174,8.839,0.005,0.102,8.947
796,0,val3,168,8.531,0.005,0.411,8.947
797,0,val2,170,8.633,0.006,0.309,8.947
798,0,val1,156,7.921,0.004,1.023,8.948
799,0,val1,158,8.024,0.005,0.919,8.948
800,1,val1,158,8.029,0.004,0.919,8.951
801,1,val2,164,8.332,0.004,0.616,8.951
802,1,val3,166,8.433,0.004,0.514,8.952
803,1,val3,162,8.231,0.004,0.717,8.952
804,1,val1,160,8.130,0.004,0.818,8.952
805,1,val1,156,7.927,0.012,1.014,8.953
806,2,val3,174,8.848,0.004,0.104,8.956
807,2,val3,172,8.747,0.003,0.205,8.956
808,2,val1,170,8.647,0.003,0.307,8.956
809,2,val1,168,8.546,0.004,0.408,8.957
810,2,val2,158,8.038,0.004,0.915,8.957
811,2,val2,166,8.444,0.004,0.514,8.962
812,2,val3,164,8.343,0.004,0.616,8.963
813,2,val1,160,8.140,0.004,0.819,8.963
814,2,val1,156,7.937,0.005,1.022,8.963
815,2,val2,162,8.242,0.005,0.717,8.964
816,3,val1,156,7.949,0.004,1.014,8.966
817,3,val3,170,8.659,0.004,0.306,8.968
818,3,val1,172,8.761,0.004,0.204,8.969
819,3,val1,174,8.862,0.004,0.103,8.970
820,3,val3,162,8.253,0.004,0.717,8.973
821,3,val1,166,8.455,0.004,0.515,8.974
822,3,val2,164,8.354,0.004,0.617,8.974
823,3,val3,168,8.557,0.005,0.412,8.974
824,3,val2,158,8.050,0.004,0.920,8.974
825,3,val2,160,8.152,0.004,0.819,8.975
826,4,val2,158,8.063,0.003,0.913,8.980
827,4,val2,174,8.872,0.004,0.104,8.980
828,4,val3,168,8.569,0.004,0.408,8.980
829,4,val3,170,8.670,0.004,0.307,8.981
830,4,val3,172,8.772,0.005,0.205,8.981
831,4,val2,164,8.366,0.004,0.615,8.985
832,4,val3,160,8.165,0.004,0.817,8.986
833,4,val1,166,8.468,0.005,0.513,8.986
834,4,val2,162,8.266,0.004,0.716,8.986
835,4,val2,156,7.962,0.005,1.019,8.987
836,0,val3,175,8.886,0.003,0.104,8.993
837,0,val3,169,8.582,0.004,0.408,8.994
838,0,val1,167,8.481,0.003,0.510,8.994
839,0,val2,173,8.784,0.004,0.206,8.995
840,0,val3,171,8.684,0.004,0.308,8.995
841,1,val2,173,8.788,0.004,0.204,8.996
842,1,val1,175,8.889,0.004,0.103,8.996
843,0,val2,163,8.277,0.003,0.719,8.999
844,0,val1,159,8.075,0.004,0.921,9.000
845,0,val2,161,8.176,0.003,0.821,9.000
846,0,val2,165,8.379,0.005,0.616,9.001
847,0,val1,157,7.972,0.005,1.024,9.001
848,1,val1,171,8.687,0.003,0.313,9.003
849,1,val1,169,8.585,0.003,0.415,9.003
850,1,val1,161,8.180,0.003,0.820,9.004
851,1,val3,159,8.079,0.003,0.921,9.004
852,1,val1,167,8.484,0.004,0.517,9.004
853,1,val1,163,8.282,0.004,0.719,9.005
854,1,val1,165,8.383,0.006,0.616,9.005
855,1,val2,157,7.978,0.005,1.022,9.005
856,2,val2,159,8.089,0.004,0.913,9.006
857,2,val1,175,8.899,0.004,0.104,9.006
858,2,val3,167,8.495,0.004,0.508,9.007
859,2,val2,173,8.798,0.004,0.205,9.007
860,2,val2,171,8.697,0.004,0.307,9.007
861,2,val1,169,8.596,0.004,0.410,9.010
862,2,val3,161,8.191,0.004,0.815,9.010
863,2,val3,165,8.394,0.004,0.613,9.011
864,2,val2,157,7.988,0.005,1.018,9.011
865,2,val3,163,8.293,0.004,0.715,9.011
866,3,val2,171,8.710,0.003,0.304,9.017
867,3,val3,173,8.812,0.004,0.203,9.019
868,3,val2,175,8.913,0.004,0.103,9.020
869,3,val3,169,8.608,0.004,0.416,9.027
870,3,val1,167,8.506,0.003,0.518,9.027
871,3,val1,161,8.202,0.004,0.821,9.028
872,3,val3,159,8.101,0.004,0.923,9.028
873,3,val2,165,8.404,0.003,0.621,9.028
874,3,val2,163,8.303,0.004,0.722,9.029
875,3,val3,157,7.999,0.005,1.025,9.029
876,4,val3,169,8.620,0.003,0.407,9.030
877,4,val1,171,8.721,0.004,0.306,9.031
878,4,val1,173,8.822,0.004,0.205,9.031
879,4,val1,179,9.126,0.003,0.811,9.940
880,4,val2,193,9.834,0.004,0.103,9.941
881,4,val3,191,9.733,0.004,0.205,9.942
882,4,val2,189,9.632,0.004,0.310,9.946
883,4,val2,185,9.430,0.004,0.512,9.946
884,4,val2,177,9.025,0.005,0.917,9.947
885,4,val1,183,9.329,0.004,0.615,9.947
886,4,val1,187,9.531,0.005,0.411,9.947
887,4,val1,175,8.923,0.004,1.020,9.948
888,4,val3,181,9.228,0.004,0.716,9.948
889,0,val2,194,9.847,0.003,0.104,9.954
890,0,val1,190,9.644,0.004,0.307,9.955
891,0,val2,192,9.746,0.003,0.206,9.955
892,0,val1,184,9.341,0.004,0.611,9.955
893,0,val2,186,9.442,0.003,0.511,9.956
894,0,val3,188,9.543,0.004,0.409,9.956
895,1,val2,178,9.040,0.004,0.913,9.958
896,1,val3,190,9.649,0.004,0.306,9.959
897,1,val3,192,9.751,0.004,0.204,9.959
898,1,val3,194,9.852,0.005,0.103,9.959
899,0,val2,182,9.240,0.004,0.716,9.960
900,0,val1,176,8.936,0.003,1.021,9.960
901,0,val3,180,9.139,0.004,0.817,9.960
902,0,val2,178,9.038,0.004,0.918,9.961
903,1,val2,188,9.548,0.004,0.412,9.964
904,1,val3,180,9.142,0.004,0.818,9.964
905,1,val2,186,9.446,0.004,0.515,9.965
906,1,val3,176,8.939,0.004,1.021,9.965
907,1,val3,182,9.244,0.005,0.717,9.965
908,1,val1,184,9.345,0.004,0.616,9.966
909,2,val1,184,9.354,0.004,0.609,9.967
910,2,val2,176,8.950,0.004,1.015,9.968
911,2,val1,190,9.659,0.004,0.306,9.969
912,2,val3,192,9.760,0.005,0.205,9.970
913,2,val1,194,9.862,0.005,0.103,9.970
914,2,val3,188,9.557,0.004,0.412,9.974
915,2,val3,182,9.253,0.004,0.717,9.974
916,2,val3,178,9.051,0.004,0.919,9.974
917,2,val3,180,9.152,0.004,0.818,9.975
918,2,val3,186,9.456,0.005,0.514,9.975
919,3,val3,188,9.570,0.003,0.407,9.980
920,3,val3,190,9.671,0.004,0.306,9.981
921,3,val3,194,9.874,0.004,0.104,9.981
922,3,val1,192,9.773,0.004,0.205,9.981
923,3,val2,186,9.469,0.003,0.515,9.987
924,3,val1,184,9.367,0.003,0.616,9.987
925,3,val2,182,9.266,0.003,0.718,9.988
926,3,val3,180,9.165,0.004,0.819,9.988
927,3,val2,178,9.064,0.003,0.921,9.988
928,3,val3,176,8.963,0.006,1.019,9.989
929,4,val1,178,9.075,0.004,0.911,9.990
930,4,val3,194,9.885,0.004,0.104,9.993
931,4,val3,186,9.480,0.004,0.509,9.993
932,4,val2,192,9.784,0.004,0.206,9.993
933,4,val1,190,9.683,0.004,0.307,9.994
934,4,val3,184,9.379,0.004,0.613,9.996
935,4,val1,188,9.582,0.005,0.409,9.996
936,4,val2,176,8.974,0.003,1.019,9.996
937,4,val2,180,9.177,0.004,0.815,9.996
938,4,val2,182,9.278,0.004,0.714,9.997
939,0,val2,195,9.897,0.003,0.103,10.003
940,0,val3,177,8.986,0.004,1.014,10.003
941,0,val3,191,9.695,0.004,0.306,10.004
942,0,val1,193,9.796,0.004,0.204,10.004
943,1,val2,179,9.092,0.003,0.912,10.007
944,1,val2,191,9.700,0.004,0.305,10.008
945,1,val1,195,9.902,0.004,0.104,10.010
946,1,val1,193,9.801,0.004,0.205,10.010
947,0,val1,187,9.492,0.003,0.515,10.011
948,0,val2,189,9.594,0.004,0.413,10.011
949,0,val2,181,9.189,0.004,0.818,10.011
950,0,val1,185,9.391,0.004,0.617,10.012
951,0,val1,183,9.291,0.005,0.717,10.012
952,0,val2,179,9.088,0.004,0.920,10.012
953,1,val3,189,9.599,0.004,0.414,10.017
954,1,val2,187,9.497,0.003,0.516,10.017
955,1,val1,181,9.193,0.004,0.821,10.017
956,1,val2,185,9.396,0.004,0.618,10.018
957,1,val3,177,8.990,0.006,1.022,10.018
958,1,val2,183,9.294,0.004,0.720,10.018
959,2,val2,189,9.608,0.004,0.407,10.019
960,2,val2,191,9.710,0.004,0.306,10.019
961,2,val3,193,9.811,0.004,0.204,10.020
962,2,val2,195,9.913,0.004,0.103,10.020
963,2,val3,185,9.405,0.003,0.617,10.025
964,2,val1,179,9.102,0.003,0.920,10.026
965,2,val3,183,9.304,0.004,0.718,10.026
966,2,val3,181,9.203,0.004,0.819,10.026
967,2,val2,177,9.001,0.007,1.019,10.026
968,2,val3,187,9.507,0.005,0.515,10.027
969,3,val2,191,9.722,0.003,0.308,10.033
970,3,val1,181,9.216,0.003,0.817,10.036
971,3,val1,179,9.115,0.003,0.918,10.036
972,3,val3,193,9.823,0.004,0.210,10.037
973,3,val2,189,9.621,0.004,0.412,10.037
974,3,val3,187,9.519,0.004,0.514,10.037
975,3,val2,183,9.317,0.004,0.716,10.038
976,3,val2,185,9.418,0.004,0.615,10.038
977,3,val3,177,9.014,0.005,1.019,10.038
978,2,val1,211,10.723,0.004,0.205,10.932
979,2,val1,213,10.825,0.004,0.105,10.934
980,2,val3,203,10.317,0.003,0.614,10.935
981,2,val3,201,10.217,0.004,0.715,10.935
982,2,val2,199,10.116,0.003,0.817,10.936
983,2,val3,207,10.520,0.005,0.411,10.936
984,2,val2,205,10.419,0.004,0.514,10.937
985,2,val1,197,10.014,0.006,0.916,10.937
986,3,val1,197,10.026,0.003,0.911,10.940
987,3,val1,213,10.835,0.004,0.104,10.942
988,3,val1,207,10.531,0.004,0.408,10.943
989,3,val3,211,10.734,0.004,0.205,10.943
990,3,val3,209,10.632,0.004,0.307,10.943
991,3,val1,205,10.430,0.004,0.511,10.945
992,3,val1,203,10.329,0.004,0.612,10.945
993,3,val1,199,10.127,0.004,0.815,10.945
994,3,val3,201,10.228,0.004,0.713,10.946
995,3,val2,195,9.924,0.009,1.015,10.949
996,4,val2,211,10.746,0.003,0.204,10.953
997,4,val2,203,10.342,0.003,0.608,10.953
998,4,val3,213,10.847,0.004,0.103,10.954
999,4,val2,207,10.544,0.004,0.409,10.956
1000,4,val3,205,10.443,0.004,0.510,10.956
1001,4,val1,209,10.645,0.005,0.307,10.957
1002,4,val2,199,10.139,0.003,0.817,10.959
1003,4,val1,197,10.038,0.003,0.918,10.960
1004,4,val2,201,10.241,0.004,0.715,10.960
1005,4,val1,195,9.936,0.004,1.020,10.960
1006,0,val1,196,9.947,0.003,1.015,10.966
1007,0,val3,210,10.656,0.004,0.307,10.967
1008,0,val3,208,10.555,0.004,0.409,10.967
1009,0,val2,214,10.859,0.004,0.104,10.967
1010,0,val1,212,10.758,0.005,0.205,10.967
1011,0,val3,206,10.453,0.004,0.512,10.970
1012,0,val1,204,10.352,0.004,0.614,10.970
1013,0,val3,200,10.150,0.004,0.816,10.970
1014,0,val3,198,10.049,0.004,0.918,10.971
1015,0,val3,202,10.252,0.005,0.714,10.971
1016,1,val3,204,10.359,0.003,0.610,10.972
1017,1,val2,208,10.562,0.004,0.407,10.973
1018,1,val3,214,10.866,0.004,0.103,10.973
1019,1,val1,212,10.765,0.004,0.204,10.973
1020,1,val1,210,10.663,0.004,0.309,10.977
1021,1,val2,202,10.258,0.004,0.716,10.977
1022,1,val3,198,10.055,0.003,0.919,10.977
1023,1,val1,206,10.460,0.004,0.514,10.978
1024,1,val3,196,9.953,0.004,1.021,10.978
1025,1,val2,200,10.157,0.004,0.818,10.978
1026,2,val1,210,10.672,0.003,0.305,10.981
1027,2,val3,214,10.875,0.004,0.103,10.982
1028,2,val2,212,10.774,0.004,0.204,10.982
1029,2,val2,208,10.571,0.004,0.414,10.988
1030,2,val1,206,10.469,0.003,0.516,10.989
1031,2,val3,198,10.065,0.004,0.920,10.989
1032,2,val1,204,10.368,0.003,0.618,10.989
1033,2,val1,202,10.267,0.003,0.719,10.990
1034,2,val1,200,10.166,0.004,0.819,10.990
1035,2,val1,196,9.963,0.005,1.021,10.990
1036,3,val3,204,10.379,0.004,0.608,10.990
1037,3,val2,214,10.886,0.004,0.104,10.994
1038,3,val3,210,10.683,0.004,0.308,10.994
1039,3,val1,206,10.481,0.004,0.510,10.994
1040,3,val1,208,10.582,0.004,0.409,10.995
1041,3,val1,212,10.784,0.005,0.206,10.995
1042,3,val2,200,10.177,0.003,0.818,10.999
1043,3,val3,198,10.076,0.003,0.919,10.999
1044,3,val2,202,10.279,0.004,0.717,11.000
1045,3,val1,196,9.975,0.003,1.022,11.000
1046,4,val1,214,10.897,0.003,0.103,11.003
1047,4,val3,212,10.796,0.003,0.205,11.005
1048,4,val3,208,10.594,0.004,0.407,11.005
1049,4,val2,206,10.493,0.004,0.509,11.005
1050,4,val2,210,10.695,0.004,0.306,11.006
1051,4,val2,198,10.089,0.004,0.920,11.012
1052,4,val3,200,10.190,0.004,0.819,11.012
1053,4,val2,202,10.291,0.004,0.717,11.013
1054,4,val3,204,10.393,0.005,0.615,11.013
1055,4,val1,196,9.987,0.005,1.021,11.013
1056,0,val3,197,9.998,0.003,1.014,11.015
1057,0,val3,209,10.605,0.004,0.409,11.018
1058,0,val1,211,10.707,0.004,0.307,11.018
1059,0,val1,215,10.910,0.005,0.104,11.018
1060,0,val2,213,10.808,0.005,0.206,11.019
1061,1,val3,209,10.612,0.004,0.405,11.021
1062,0,val1,205,10.403,0.004,0.614,11.021
1063,0,val3,199,10.100,0.004,0.918,11.021
1064,0,val1,203,10.302,0.004,0.716,11.022
1065,0,val1,207,10.504,0.005,0.513,11.022
1066,0,val1,201,10.201,0.004,0.817,11.022
1067,1,val2,211,10.714,0.004,0.306,11.024
1068,1,val1,213,10.815,0.004,0.204,11.024
1069,2,val1,209,10.622,0.004,0.407,11.032
1070,1,val3,205,10.410,0.003,0.619,11.032
1071,1,val1,207,10.511,0.004,0.517,11.032
1072,1,val2,199,10.106,0.004,0.923,11.033
1073,1,val2,197,10.004,0.005,1.024,11.033
1074,1,val1,203,10.308,0.004,0.721,11.033
1075,1,val3,201,10.208,0.004,0.822,11.034
1076,1,val2,231,11.726,0.003,0.204,11.933
1077,0,val3,227,11.517,0.004,0.414,11.934
1078,0,val1,221,11.213,0.003,0.718,11.934
1079,1,val2,233,11.827,0.004,0.103,11.934
1080,0,val3,225,11.416,0.003,0.516,11.935
1081,0,val1,219,11.112,0.003,0.819,11.935
1082,0,val3,223,11.314,0.004,0.617,11.935
1083,0,val3,217,11.011,0.006,0.919,11.936
1084,1,val1,229,11.625,0.003,0.311,11.940
1085,1,val2,225,11.422,0.003,0.515,11.940
1086,1,val3,223,11.320,0.004,0.617,11.940
1087,1,val3,219,11.118,0.004,0.819,11.941
1088,1,val1,227,11.524,0.005,0.412,11.941
1089,1,val2,215,10.916,0.004,1.022,11.941
1090,1,val3,221,11.219,0.004,0.719,11.942
1091,1,val3,217,11.017,0.005,0.920,11.942
1092,2,val2,233,11.837,0.003,0.103,11.943
1093,2,val3,229,11.635,0.003,0.306,11.944
1094,2,val3,227,11.533,0.003,0.407,11.944
1095,2,val2,231,11.737,0.004,0.208,11.949
1096,2,val3,223,11.331,0.004,0.615,11.949
1097,2,val2,225,11.432,0.003,0.514,11.949
1098,2,val2,217,11.027,0.003,0.919,11.950
1099,2,val1,221,11.230,0.004,0.716,11.950
1100,2,val2,219,11.129,0.004,0.818,11.950
1101,2,val1,215,10.927,0.009,1.015,11.951
1102,3,val2,229,11.646,0.003,0.305,11.955
1103,3,val1,231,11.748,0.004,0.205,11.956
1104,3,val3,233,11.850,0.004,0.103,11.957
1105,3,val1,227,11.545,0.003,0.415,11.964
1106,3,val3,223,11.342,0.003,0.619,11.964
1107,3,val1,225,11.443,0.003,0.517,11.964
1108,3,val3,219,11.139,0.004,0.821,11.965
1109,3,val1,217,11.038,0.003,0.923,11.965
1110,3,val3,221,11.241,0.004,0.720,11.965
1111,3,val3,215,10.937,0.005,1.024,11.966
1112,4,val1,215,10.948,0.003,1.014,11.966
1113,4,val2,233,11.860,0.003,0.103,11.967
1114,4,val1,231,11.759,0.003,0.205,11.967
1115,4,val1,229,11.658,0.004,0.306,11.967
1116,4,val2,227,11.557,0.004,0.407,11.968
1117,4,val1,223,11.354,0.004,0.616,11.974
1118,4,val3,225,11.456,0.004,0.514,11.974
1119,4,val2,219,11.152,0.004,0.819,11.974
1120,4,val1,217,11.050,0.004,0.920,11.975
1121,4,val3,221,11.253,0.005,0.717,11.975
1122,0,val3,218,11.061,0.004,0.914,11.979
1123,0,val1,228,11.567,0.004,0.408,11.979
1124,0,val2,230,11.668,0.004,0.307,11.980
1125,0,val2,232,11.770,0.005,0.205,11.980
1126,0,val2,234,11.872,0.005,0.104,11.981
1127,1,val1,232,11.776,0.003,0.205,11.984
1128,1,val1,228,11.575,0.003,0.407,11.985
1129,1,val3,230,11.675,0.003,0.306,11.985
1130,1,val3,234,11.878,0.004,0.103,11.985
1131,0,val1,226,11.466,0.004,0.515,11.985
1132,0,val3,224,11.365,0.004,0.617,11.985
1133,0,val1,222,11.264,0.004,0.718,11.986
1134,0,val3,220,11.163,0.004,0.819,11.986
1135,0,val1,216,10.961,0.003,1.022,11.986
1136,1,val3,226,11.473,0.003,0.514,11.991
1137,1,val1,220,11.168,0.003,0.819,11.991
1138,1,val2,216,10.967,0.005,1.020,11.991
1139,1,val3,218,11.068,0.003,0.920,11.992
1140,1,val1,222,11.270,0.004,0.718,11.992
1141,1,val1,224,11.371,0.004,0.617,11.992
1142,2,val2,234,11.887,0.003,0.104,11.995
1143,2,val1,218,11.078,0.003,0.913,11.995
1144,2,val2,226,11.482,0.004,0.509,11.995
1145,2,val1,232,11.787,0.004,0.205,11.996
1146,2,val1,230,11.686,0.004,0.310,12.000
1147,2,val2,224,11.382,0.004,0.615,12.000
1148,2,val3,220,11.180,0.004,0.817,12.001
1149,2,val2,222,11.281,0.004,0.717,12.001
1150,2,val1,228,11.584,0.005,0.412,12.001
1151,2,val3,216,10.977,0.005,1.020,12.002
1152,3,val2,218,11.089,0.003,0.914,12.007
1153,3,val1,228,11.596,0.004,0.408,12.007
1154,3,val3,230,11.697,0.004,0.307,12.007
1155,3,val3,232,11.799,0.004,0.208,12.011
1156,3,val3,226,11.494,0.004,0.513,12.011
1157,3,val1,224,11.392,0.004,0.615,12.012
1158,3,val1,222,11.291,0.004,0.717,12.012
1159,3,val1,220,11.190,0.004,0.818,12.012
1160,3,val1,216,10.987,0.004,1.021,12.012
1161,3,val1,234,11.901,0.007,0.105,12.013
1162,4,val1,234,11.910,0.003,0.104,12.018
1163,4,val1,232,11.809,0.003,0.206,12.018
1164,4,val1,228,11.607,0.003,0.408,12.018
1165,4,val3,226,11.506,0.004,0.509,12.019
1166,4,val2,230,11.709,0.004,0.306,12.019
1167,4,val3,224,11.405,0.003,0.616,12.024
1168,4,val1,222,11.304,0.003,0.717,12.024
1169,4,val2,220,11.203,0.003,0.819,12.025
1170,4,val3,216,10.999,0.004,1.022,12.025
1171,4,val2,218,11.101,0.004,0.920,12.025
1172,0,val3,229,11.618,0.003,0.408,12.029
1173,0,val3,231,11.719,0.004,0.307,12.030
1174,0,val1,233,11.821,0.004,0.205,12.031
1175,4,val2,248,12.620,0.004,0.310,12.934
1176,4,val3,246,12.518,0.004,0.412,12.934
1177,4,val1,236,12.012,0.003,0.919,12.935
1178,4,val3,242,12.316,0.004,0.616,12.935
1179,4,val2,244,12.417,0.005,0.513,12.935
1180,4,val3,240,12.215,0.004,0.717,12.936
1181,0,val2,247,12.530,0.003,0.407,12.940
1182,0,val2,249,12.631,0.004,0.307,12.941
1183,0,val2,253,12.834,0.004,0.104,12.942
1184,0,val1,245,12.429,0.003,0.509,12.942
1185,0,val1,251,12.733,0.004,0.205,12.942
1186,1,val3,253,12.838,0.003,0.104,12.945
1187,1,val3,251,12.737,0.003,0.205,12.945
1188,1,val3,247,12.535,0.003,0.407,12.946
1189,1,val2,249,12.637,0.004,0.306,12.946
1190,0,val2,243,12.328,0.004,0.616,12.948
1191,0,val1,237,12.024,0.004,0.920,12.948
1192,0,val2,239,12.126,0.004,0.818,12.948
1193,0,val3,241,12.226,0.004,0.718,12.949
1194,0,val2,235,11.923,0.007,1.019,12.949
1195,1,val3,243,12.333,0.003,0.617,12.953
1196,1,val2,237,12.029,0.003,0.920,12.953
1197,1,val3,239,12.130,0.003,0.820,12.953
1198,1,val2,235,11.929,0.005,1.019,12.954
1199,1,val3,245,12.434,0.005,0.515,12.954
1200,1,val1,241,12.232,0.004,0.718,12.954
1201,2,val1,245,12.445,0.003,0.509,12.957
1202,2,val3,243,12.344,0.003,0.610,12.957
1203,2,val2,253,12.851,0.004,0.103,12.958
1204,2,val3,251,12.750,0.005,0.209,12.964
1205,2,val2,249,12.648,0.004,0.311,12.964
1206,2,val1,239,12.141,0.004,0.819,12.964
1207,2,val3,237,12.040,0.004,0.921,12.964
1208,2,val1,241,12.243,0.005,0.717,12.965
1209,2,val3,235,11.938,0.004,1.023,12.965
1210,2,val3,247,12.547,0.006,0.412,12.965
1211,3,val2,253,12.864,0.003,0.104,12.972
1212,3,val2,249,12.661,0.003,0.308,12.972
1213,3,val2,243,12.357,0.003,0.612,12.972
1214,3,val2,247,12.559,0.004,0.410,12.973
1215,3,val2,251,12.763,0.005,0.205,12.973
1216,3,val3,245,12.459,0.004,0.511,12.973
1217,3,val3,241,12.256,0.003,0.716,12.976
1218,3,val2,239,12.155,0.004,0.817,12.976
1219,3,val3,237,12.054,0.004,0.919,12.976
1220,3,val2,235,11.952,0.005,1.020,12.977
1221,4,val2,249,12.670,0.003,0.305,12.979
1222,4,val2,253,12.872,0.004,0.103,12.979
1223,4,val3,251,12.772,0.004,0.204,12.980
1224,4,val1,247,12.569,0.003,0.414,12.987
1225,4,val3,243,12.367,0.005,0.615,12.987
1226,4,val1,237,12.062,0.003,0.921,12.987
1227,4,val3,235,11.961,0.007,1.019,12.987
1228,4,val1,239,12.163,0.004,0.821,12.988
1229,4,val1,241,12.265,0.004,0.719,12.988
1230,4,val1,245,12.468,0.005,0.515,12.988
1231,0,val3,246,12.479,0.003,0.508,12.990
1232,0,val2,250,12.682,0.004,0.306,12.991
1233,0,val1,248,12.580,0.004,0.408,12.992
1234,0,val2,252,12.783,0.004,0.205,12.993
1235,0,val1,254,12.885,0.005,0.104,12.993
1236,1,val3,252,12.788,0.003,0.205,12.996
1237,1,val3,248,12.586,0.003,0.407,12.996
1238,1,val3,250,12.687,0.004,0.306,12.997
1239,1,val3,254,12.889,0.004,0.104,12.997
1240,0,val3,244,12.379,0.003,0.616,12.998
1241,0,val2,242,12.277,0.004,0.717,12.998
1242,0,val3,238,12.075,0.003,0.920,12.999
1243,0,val3,240,12.176,0.004,0.819,12.999
1244,0,val3,236,11.974,0.006,1.019,12.999
1245,1,val2,246,12.485,0.005,0.516,13.005
1246,1,val3,244,12.384,0.004,0.618,13.005
1247,1,val1,236,11.979,0.003,1.023,13.005
1248,1,val2,240,12.181,0.004,0.821,13.006
1249,1,val3,238,12.080,0.003,0.923,13.006
1250,1,val3,242,12.283,0.004,0.720,13.006
1251,2,val1,238,12.090,0.003,0.915,13.009
1252,2,val1,244,12.395,0.004,0.611,13.009
1253,2,val1,250,12.699,0.004,0.306,13.009
1254,2,val2,254,12.902,0.004,0.104,13.010
1255,2,val2,252,12.801,0.004,0.205,13.010
1256,2,val1,240,12.192,0.004,0.817,13.013
1257,2,val2,242,12.294,0.004,0.715,13.013
1258,2,val3,236,11.989,0.005,1.020,13.014
1259,2,val2,246,12.496,0.005,0.513,13.014
1260,2,val3,248,12.598,0.006,0.411,13.014
1261,3,val1,246,12.509,0.003,0.507,13.019
1262,3,val2,252,12.813,0.004,0.203,13.020
1263,3,val1,254,12.915,0.004,0.103,13.021
1264,3,val3,250,12.712,0.004,0.310,13.025
1265,3,val2,248,12.610,0.004,0.412,13.026
1266,3,val3,244,12.408,0.003,0.615,13.026
1267,3,val2,242,12.307,0.003,0.716,13.026
1268,3,val3,236,12.003,0.005,1.019,13.027
1269,3,val2,238,12.105,0.003,0.919,13.027
1270,3,val1,240,12.206,0.004,0.817,13.027
1271,4,val3,250,12.721,0.004,0.306,13.030
1272,4,val1,238,12.113,0.003,0.914,13.031
1273,4,val3,252,12.822,0.004,0.205,13.031
1274,3,val3,258,13.117,0.003,0.812,13.933
1275,3,val2,270,13.725,0.004,0.205,13.933
1276,3,val3,268,13.624,0.004,0.310,13.938
1277,3,val2,264,13.420,0.004,0.514,13.938
1278,3,val3,266,13.522,0.004,0.412,13.938
1279,3,val1,260,13.218,0.004,0.717,13.939
1280,3,val3,262,13.319,0.004,0.616,13.939
1281,3,val3,256,13.016,0.005,0.918,13.939
1282,4,val2,258,13.126,0.003,0.814,13.944
1283,4,val1,256,13.025,0.003,0.915,13.944
1284,4,val3,272,13.836,0.004,0.104,13.945
1285,4,val1,268,13.634,0.004,0.307,13.945
1286,4,val2,270,13.736,0.005,0.205,13.945
1287,4,val3,260,13.228,0.004,0.716,13.948
1288,4,val2,264,13.431,0.005,0.512,13.949
1289,4,val3,254,12.923,0.006,1.019,13.949
1290,4,val2,266,13.533,0.005,0.410,13.949
1291,4,val3,262,13.330,0.005,0.615,13.949
1292,0,val1,257,13.036,0.004,0.914,13.954
1293,0,val2,271,13.745,0.004,0.205,13.954
1294,0,val2,273,13.847,0.004,0.104,13.955
1295,1,val2,263,13.343,0.004,0.609,13.956
1296,1,val3,273,13.850,0.004,0.103,13.956
1297,0,val3,267,13.543,0.004,0.410,13.957
1298,1,val1,271,13.749,0.004,0.204,13.957
1299,0,val1,265,13.442,0.004,0.512,13.957
1300,0,val2,269,13.644,0.005,0.310,13.959
1301,0,val3,259,13.138,0.004,0.818,13.960
1302,0,val3,255,12.936,0.004,1.021,13.960
1303,0,val2,263,13.341,0.005,0.615,13.960
1304,0,val2,261,13.240,0.005,0.716,13.960
1305,1,val2,269,13.647,0.004,0.311,13.963
1306,1,val3,267,13.546,0.004,0.413,13.963
1307,1,val1,265,13.445,0.004,0.515,13.964
1308,1,val1,257,13.041,0.003,0.920,13.964
1309,1,val2,261,13.242,0.003,0.718,13.964
1310,1,val1,259,13.141,0.004,0.819,13.964
1311,1,val1,255,12.939,0.004,1.022,13.965
1312,2,val3,273,13.864,0.003,0.104,13.971
1313,2,val1,267,13.560,0.003,0.407,13.971
1314,2,val2,271,13.762,0.004,0.206,13.971
1315,2,val1,269,13.662,0.004,0.306,13.972
1316,2,val3,265,13.460,0.003,0.516,13.979
1317,2,val1,263,13.358,0.003,0.618,13.979
1318,2,val2,261,13.257,0.005,0.718,13.980
1319,2,val3,257,13.054,0.003,0.922,13.980
1320,2,val1,259,13.156,0.004,0.821,13.980
1321,2,val3,255,12.952,0.005,1.023,13.981
1322,3,val2,273,13.876,0.003,0.103,13.982
1323,3,val2,271,13.775,0.003,0.205,13.983
1324,3,val2,263,13.369,0.003,0.610,13.983
1325,3,val2,269,13.674,0.004,0.306,13.984
1326,3,val2,257,13.066,0.003,0.920,13.990
1327,3,val3,265,13.471,0.005,0.514,13.990
1328,3,val2,259,13.167,0.004,0.820,13.991
1329,3,val3,267,13.573,0.006,0.412,13.991
1330,3,val2,261,13.269,0.004,0.718,13.992
1331,3,val2,255,12.965,0.003,1.023,13.992
1332,4,val3,257,13.076,0.003,0.915,13.994
1333,4,val3,273,13.887,0.004,0.103,13.995
1334,4,val2,269,13.685,0.004,0.306,13.995
1335,4,val3,271,13.786,0.004,0.205,13.996
1336,4,val3,261,13.278,0.004,0.718,14.000
1337,4,val2,267,13.584,0.004,0.412,14.000
1338,4,val3,259,13.177,0.004,0.819,14.000
1339,4,val1,263,13.380,0.005,0.615,14.001
1340,4,val2,255,12.974,0.006,1.021,14.001
1341,4,val2,265,13.482,0.005,0.514,14.001
1342,0,val3,268,13.593,0.003,0.407,14.004
1343,0,val1,258,13.087,0.004,0.914,14.004
1344,0,val2,272,13.796,0.005,0.205,14.006
1345,1,val3,268,13.597,0.003,0.406,14.006
1346,0,val2,274,13.898,0.004,0.103,14.006
1347,1,val2,270,13.698,0.004,0.306,14.007
1348,1,val3,274,13.900,0.004,0.103,14.008
1349,1,val3,272,13.799,0.004,0.206,14.009
1350,0,val1,260,13.189,0.004,0.818,14.011
1351,0,val3,270,13.695,0.005,0.311,14.011
1352,0,val2,262,13.290,0.004,0.717,14.012
1353,0,val1,264,13.391,0.004,0.616,14.012
1354,0,val1,266,13.492,0.005,0.515,14.012
1355,0,val1,256,12.986,0.006,1.021,14.013
1356,1,val1,264,13.394,0.003,0.618,14.015
1357,1,val2,266,13.496,0.005,0.515,14.016
1358,1,val1,262,13.293,0.003,0.720,14.016
1359,1,val2,258,13.091,0.004,0.922,14.016
1360,1,val1,256,12.990,0.003,1.024,14.017
1361,1,val1,260,13.192,0.004,0.822,14.017
1362,2,val3,274,13.915,0.004,0.104,14.022
1363,2,val2,272,13.813,0.003,0.206,14.022
1364,2,val2,268,13.611,0.003,0.408,14.022
1365,2,val1,270,13.712,0.004,0.307,14.023
1366,2,val3,266,13.510,0.003,0.515,14.029
1367,2,val2,258,13.105,0.003,0.920,14.029
1368,2,val1,264,13.409,0.004,0.616,14.029
1369,2,val3,262,13.308,0.004,0.717,14.029
1370,2,val2,260,13.207,0.004,0.819,14.030
1371,2,val2,256,13.003,0.007,1.020,14.030
1372,3,val1,272,13.825,0.004,0.205,14.034
1373,2,val2,284,14.422,0.003,0.508,14.934
1374,2,val3,288,14.624,0.004,0.306,14.934
1375,2,val1,292,14.827,0.004,0.104,14.935
1376,2,val1,290,14.726,0.004,0.206,14.936
1377,2,val1,286,14.523,0.004,0.411,14.938
1378,2,val1,278,14.118,0.003,0.817,14.938
1379,2,val3,276,14.016,0.003,0.919,14.938
1380,2,val2,280,14.219,0.004,0.715,14.938
1381,2,val2,282,14.320,0.005,0.614,14.939
1382,3,val3,276,14.029,0.004,0.916,14.949
1383,3,val1,292,14.840,0.004,0.104,14.949
1384,3,val3,286,14.537,0.004,0.409,14.949
1385,3,val3,288,14.638,0.004,0.308,14.949
1386,3,val1,290,14.740,0.004,0.206,14.950
1387,3,val3,282,14.334,0.004,0.617,14.954
1388,3,val1,278,14.131,0.004,0.820,14.954
1389,3,val3,280,14.233,0.005,0.717,14.955
1390,4,val3,288,14.647,0.003,0.304,14.955
1391,3,val1,284,14.435,0.005,0.515,14.955
1392,4,val3,290,14.749,0.003,0.204,14.956
1393,4,val1,292,14.849,0.004,0.103,14.956
1394,3,val2,274,13.927,0.007,1.023,14.957
1395,4,val1,286,14.547,0.003,0.415,14.964
1396,4,val3,284,14.445,0.003,0.517,14.965
1397,4,val1,282,14.343,0.003,0.619,14.965
1398,4,val3,280,14.242,0.004,0.719,14.965
1399,4,val1,276,14.039,0.004,0.923,14.966
1400,0,val1,283,14.353,0.003,0.610,14.966
1401,4,val2,274,13.938,0.004,1.024,14.966
1402,4,val1,278,14.141,0.004,0.822,14.967
1403,0,val1,291,14.758,0.004,0.205,14.966
1404,0,val2,293,14.859,0.004,0.103,14.967
1405,1,val3,277,14.052,0.004,0.913,14.969
1406,1,val2,293,14.864,0.004,0.104,14.971
1407,0,val1,289,14.657,0.004,0.311,14.971
1408,0,val1,277,14.050,0.003,0.918,14.972
1409,1,val3,279,14.154,0.004,0.814,14.971
1410,0,val1,279,14.151,0.004,0.817,14.972
1411,1,val1,289,14.661,0.004,0.307,14.972
1412,0,val3,287,14.555,0.004,0.413,14.972
1413,0,val3,281,14.252,0.003,0.717,14.973
1414,0,val2,285,14.455,0.005,0.513,14.973
1415,0,val3,275,13.949,0.008,1.016,14.973
1416,1,val3,287,14.559,0.004,0.412,14.975
1417,1,val2,283,14.356,0.004,0.615,14.975
1418,1,val3,291,14.762,0.005,0.208,14.976
1419,1,val3,281,14.255,0.004,0.716,14.976
1420,1,val3,285,14.458,0.005,0.513,14.976
1421,1,val2,275,13.950,0.006,1.020,14.977
1422,2,val2,287,14.573,0.003,0.406,14.983
1423,2,val2,289,14.675,0.004,0.305,14.984
1424,2,val2,293,14.878,0.004,0.103,14.985
1425,2,val3,291,14.777,0.004,0.204,14.985
1426,2,val1,285,14.472,0.004,0.516,14.992
1427,2,val3,283,14.371,0.003,0.617,14.992
1428,2,val3,281,14.270,0.005,0.718,14.993
1429,2,val2,277,14.067,0.003,0.922,14.993
1430,2,val1,279,14.168,0.003,0.822,14.993
1431,2,val1,275,13.965,0.003,1.025,14.994
1432,3,val3,285,14.486,0.003,0.509,14.998
1433,3,val3,287,14.587,0.004,0.407,14.998
1434,3,val2,293,14.890,0.004,0.104,14.999
1435,3,val1,289,14.689,0.004,0.306,14.999
1436,3,val3,291,14.790,0.004,0.205,14.999
1437,3,val2,283,14.384,0.004,0.617,15.005
1438,3,val3,281,14.283,0.003,0.718,15.005
1439,3,val3,275,13.977,0.006,1.022,15.005
1440,3,val1,277,14.080,0.004,0.922,15.006
1441,3,val1,279,14.182,0.004,0.820,15.006
1442,4,val3,277,14.090,0.003,0.912,15.006
1443,4,val1,293,14.900,0.004,0.104,15.008
1444,4,val1,283,14.394,0.004,0.611,15.008
1445,4,val3,289,14.698,0.003,0.307,15.008
1446,4,val3,291,14.799,0.004,0.208,15.011
1447,4,val3,279,14.191,0.004,0.816,15.012
1448,4,val3,281,14.293,0.004,0.715,15.012
1449,4,val1,287,14.597,0.005,0.410,15.012
1450,4,val2,285,14.496,0.005,0.512,15.013
1451,4,val2,275,13.989,0.007,1.017,15.013
1452,0,val3,294,14.910,0.003,0.104,15.018
1453,0,val1,290,14.707,0.003,0.308,15.018
1454,0,val1,278,14.100,0.003,0.915,15.019
1455,0,val1,288,14.606,0.004,0.409,15.019
1456,1,val3,290,14.712,0.003,0.306,15.021
1457,1,val3,292,14.813,0.004,0.204,15.021
1458,0,val3,280,14.201,0.003,0.817,15.021
1459,0,val1,292,14.809,0.005,0.208,15.022
1460,0,val2,284,14.404,0.004,0.614,15.022
1461,1,val2,294,14.915,0.004,0.103,15.022
1462,0,val1,282,14.303,0.005,0.715,15.022
1463,0,val2,286,14.505,0.005,0.513,15.023
1464,0,val2,276,14.000,0.005,1.018,15.023
1465,1,val2,286,14.508,0.003,0.516,15.028
1466,1,val1,288,14.610,0.004,0.414,15.028
1467,1,val3,276,14.002,0.006,1.021,15.029
1468,1,val2,284,14.407,0.004,0.618,15.029
1469,1,val1,278,14.103,0.003,0.923,15.029
1470,1,val2,280,14.205,0.004,0.821,15.030
1471,1,val1,282,14.306,0.005,0.719,15.030
1472,0,val1,306,15.518,0.004,0.412,15.934
1473,0,val1,300,15.215,0.004,0.716,15.935
1474,0,val2,302,15.316,0.004,0.615,15.935
1475,0,val2,296,15.012,0.005,0.918,15.935
1476,1,val2,308,15.624,0.004,0.309,15.937
1477,1,val3,312,15.826,0.004,0.106,15.937
1478,1,val1,306,15.523,0.004,0.411,15.937
1479,1,val1,304,15.421,0.004,0.512,15.937
1480,1,val3,300,15.219,0.004,0.715,15.938
1481,1,val1,302,15.320,0.004,0.614,15.938
1482,1,val2,296,15.016,0.006,0.917,15.938
1483,2,val2,308,15.638,0.003,0.305,15.946
1484,2,val2,310,15.740,0.004,0.203,15.947
1485,2,val2,312,15.841,0.004,0.102,15.948
1486,2,val1,306,15.537,0.003,0.413,15.954
1487,2,val3,296,15.031,0.003,0.920,15.954
1488,2,val1,304,15.435,0.003,0.515,15.954
1489,2,val3,300,15.233,0.004,0.717,15.954
1490,2,val1,298,15.132,0.004,0.819,15.955
1491,2,val1,302,15.334,0.004,0.617,15.955
1492,2,val3,294,14.928,0.006,1.021,15.955
1493,3,val2,294,14.942,0.003,1.013,15.958
1494,3,val1,308,15.651,0.004,0.306,15.960
1495,3,val3,306,15.549,0.004,0.408,15.961
1496,3,val3,312,15.853,0.004,0.103,15.961
1497,3,val1,310,15.753,0.005,0.208,15.965
1498,3,val2,304,15.448,0.005,0.512,15.965
1499,3,val1,296,15.043,0.004,0.918,15.965
1500,3,val2,302,15.347,0.005,0.614,15.966
1501,3,val1,298,15.144,0.004,0.818,15.966
1502,3,val1,300,15.246,0.004,0.716,15.966
1503,4,val1,306,15.558,0.003,0.407,15.969
1504,4,val3,308,15.659,0.004,0.306,15.969
1505,4,val2,312,15.862,0.004,0.103,15.969
1506,4,val3,310,15.761,0.004,0.205,15.970
1507,4,val2,304,15.457,0.004,0.515,15.976
1508,4,val1,302,15.356,0.004,0.616,15.976
1509,4,val3,300,15.255,0.004,0.717,15.977
1510,4,val1,294,14.951,0.006,1.020,15.977
1511,4,val2,296,15.052,0.003,0.922,15.977
1512,4,val2,298,15.154,0.004,0.821,15.978
1513,0,val3,311,15.771,0.003,0.205,15.979
1514,0,val2,309,15.670,0.003,0.305,15.979
1515,0,val2,313,15.872,0.004,0.104,15.980
1516,0,val3,305,15.468,0.003,0.509,15.981
1517,1,val2,313,15.877,0.003,0.103,15.983
1518,1,val2,297,15.067,0.003,0.915,15.986
1519,1,val3,307,15.573,0.004,0.409,15.986
1520,1,val1,311,15.776,0.004,0.206,15.986
1521,0,val2,299,15.164,0.004,0.819,15.986
1522,1,val2,309,15.674,0.004,0.308,15.987
1523,0,val3,297,15.063,0.003,0.920,15.987
1524,0,val1,303,15.367,0.004,0.616,15.987
1525,0,val2,307,15.569,0.004,0.414,15.987
1526,0,val3,301,15.266,0.004,0.717,15.987
1527,0,val2,295,14.961,0.006,1.021,15.988
1528,1,val3,299,15.168,0.004,0.817,15.989
1529,1,val2,301,15.270,0.004,0.715,15.989
1530,1,val3,305,15.472,0.004,0.512,15.989
1531,1,val2,303,15.371,0.005,0.613,15.989
1532,1,val3,295,14.965,0.007,1.017,15.990
1533,2,val1,305,15.486,0.004,0.509,15.998
1534,2,val2,303,15.385,0.003,0.610,15.998
1535,2,val3,311,15.791,0.004,0.204,15.999
1536,2,val1,313,15.892,0.005,0.103,15.999
1537,2,val2,309,15.689,0.004,0.309,16.003
1538,2,val3,301,15.284,0.003,0.716,16.003
1539,2,val2,297,15.081,0.003,0.919,16.003
1540,2,val2,295,14.979,0.004,1.021,16.004
1541,2,val2,299,15.183,0.004,0.817,16.004
1542,2,val2,307,15.588,0.006,0.411,16.004
1543,3,val1,313,15.904,0.003,0.102,16.010
1544,3,val3,311,15.803,0.004,0.205,16.012
1545,3,val1,297,15.093,0.003,0.915,16.012
1546,3,val2,307,15.600,0.004,0.409,16.012
1547,3,val2,299,15.195,0.004,0.814,16.013
1548,3,val2,309,15.702,0.004,0.307,16.013
1549,3,val1,303,15.397,0.004,0.613,16.015
1550,3,val3,301,15.297,0.004,0.714,16.015
1551,3,val1,295,14.992,0.005,1.018,16.015
1552,3,val3,305,15.499,0.005,0.511,16.016
1553,4,val1,307,15.609,0.003,0.407,16.019
1554,4,val3,313,15.913,0.004,0.102,16.019
1555,4,val1,311,15.812,0.004,0.209,16.024
1556,4,val3,297,15.103,0.003,0.918,16.025
1557,4,val2,305,15.507,0.004,0.514,16.025
1558,4,val1,303,15.407,0.005,0.614,16.025
1559,4,val3,309,15.710,0.004,0.311,16.025
1560,4,val2,301,15.306,0.004,0.716,16.026
1561,4,val3,299,15.204,0.004,0.818,16.026
1562,4,val3,295,15.002,0.007,1.018,16.026
1563,0,val1,298,15.114,0.003,0.914,16.031
1564,0,val3,312,15.822,0.004,0.207,16.032
1565,0,val2,310,15.721,0.004,0.308,16.033
1566,1,val1,298,15.118,0.003,0.913,16.034
1567,1,val2,310,15.725,0.004,0.307,16.035
1568,0,val3,308,15.620,0.004,0.412,16.035
1569,0,val3,304,15.417,0.004,0.615,16.036
1570,4,val3,317,16.116,0.004,0.813,16.933
1571,4,val3,325,16.521,0.004,0.409,16.934
1572,4,val1,331,16.825,0.004,0.106,16.934
1573,4,val3,321,16.319,0.004,0.614,16.937
1574,4,val3,319,16.218,0.004,0.715,16.937
1575,4,val2,315,16.015,0.005,0.918,16.937
1576,4,val3,323,16.420,0.005,0.513,16.938
1577,0,val3,332,16.836,0.003,0.105,16.944
1578,0,val2,328,16.632,0.003,0.308,16.944
1579,0,val1,326,16.531,0.003,0.410,16.944
1580,0,val3,316,16.025,0.003,0.916,16.945
1581,0,val2,330,16.734,0.004,0.207,16.945
1582,1,val2,332,16.838,0.003,0.104,16.946
1583,1,val1,330,16.737,0.003,0.206,16.947
1584,1,val2,318,16.130,0.003,0.814,16.947
1585,0,val3,318,16.126,0.004,0.817,16.947
1586,1,val1,328,16.636,0.004,0.307,16.947
1587,0,val1,324,16.430,0.004,0.513,16.948
1588,0,val3,314,15.923,0.007,1.017,16.948
1589,0,val1,322,16.329,0.005,0.614,16.948
1590,0,val2,320,16.228,0.004,0.716,16.949
1591,1,val2,326,16.535,0.005,0.412,16.952
1592,1,val1,320,16.232,0.004,0.717,16.952
1593,1,val3,316,16.029,0.004,0.919,16.952
1594,1,val2,322,16.333,0.004,0.616,16.953
1595,1,val2,324,16.434,0.005,0.514,16.953
1596,1,val2,314,15.927,0.007,1.019,16.953
1597,2,val1,322,16.348,0.003,0.608,16.959
1598,2,val1,332,16.854,0.004,0.104,16.962
1599,2,val2,330,16.753,0.004,0.206,16.963
1600,2,val3,328,16.652,0.004,0.308,16.963
1601,2,val2,324,16.449,0.004,0.510,16.963
1602,2,val3,326,16.551,0.004,0.410,16.965
1603,2,val3,314,15.942,0.004,1.020,16.965
1604,2,val1,318,16.145,0.004,0.817,16.966
1605,2,val3,316,16.043,0.004,0.919,16.966
1606,2,val2,320,16.247,0.004,0.715,16.966
1607,3,val3,318,16.157,0.004,0.812,16.973
1608,3,val1,316,16.056,0.003,0.914,16.973
1609,3,val1,328,16.664,0.004,0.307,16.975
1610,3,val3,330,16.766,0.005,0.205,16.975
1611,3,val1,332,16.867,0.005,0.104,16.975
1612,3,val3,326,16.563,0.004,0.412,16.978
1613,3,val1,320,16.259,0.004,0.716,16.979
1614,3,val2,322,16.360,0.005,0.615,16.979
1615,3,val1,324,16.461,0.004,0.514,16.979
1616,3,val3,314,15.955,0.005,1.020,16.980
1617,4,val1,332,16.875,0.003,0.104,16.983
1618,4,val3,330,16.774,0.003,0.206,16.984
1619,4,val3,318,16.167,0.004,0.813,16.984
1620,4,val1,316,16.066,0.003,0.915,16.984
1621,4,val2,328,16.673,0.004,0.307,16.984
1622,4,val2,326,16.572,0.004,0.412,16.988
1623,4,val1,322,16.370,0.004,0.614,16.988
1624,4,val3,320,16.269,0.004,0.716,16.988
1625,4,val2,324,16.471,0.004,0.514,16.989
1626,4,val2,314,15.964,0.006,1.019,16.989
1627,0,val1,317,16.076,0.003,0.914,16.993
1628,0,val3,329,16.683,0.004,0.307,16.993
1629,0,val1,319,16.177,0.004,0.814,16.994
1630,0,val1,331,16.785,0.004,0.206,16.995
1631,0,val1,333,16.886,0.005,0.104,16.995
1632,1,val2,333,16.889,0.003,0.103,16.996
1633,1,val2,329,16.687,0.004,0.307,16.997
1634,1,val2,327,16.586,0.004,0.407,16.997
1635,1,val2,331,16.788,0.004,0.205,16.998
1636,0,val2,327,16.582,0.004,0.412,16.999
1637,0,val2,323,16.379,0.004,0.616,16.999
1638,0,val2,315,15.974,0.006,1.019,16.999
1639,0,val3,321,16.279,0.004,0.717,17.000
1640,0,val1,325,16.481,0.005,0.514,17.000
1641,1,val1,325,16.485,0.004,0.515,17.004
1642,1,val2,323,16.384,0.003,0.617,17.004
1643,1,val1,321,16.282,0.003,0.719,17.005
1644,1,val2,317,16.080,0.003,0.922,17.005
1645,1,val1,315,15.978,0.004,1.023,17.005
1646,1,val1,319,16.181,0.004,0.821,17.005
1647,2,val1,331,16.803,0.004,0.204,17.011
1648,2,val2,333,16.905,0.004,0.103,17.012
1649,2,val1,327,16.601,0.004,0.409,17.014
1650,2,val2,317,16.094,0.004,0.916,17.014
1651,2,val3,329,16.703,0.004,0.307,17.014
1652,2,val1,319,16.196,0.004,0.815,17.015
1653,2,val1,315,15.993,0.004,1.020,17.017
1654,2,val3,321,16.297,0.005,0.715,17.018
1655,2,val2,325,16.500,0.005,0.512,17.018
1656,2,val3,323,16.399,0.005,0.614,17.018
1657,3,val1,327,16.613,0.003,0.407,17.023
1658,3,val1,329,16.715,0.004,0.305,17.024
1659,3,val2,331,16.816,0.004,0.204,17.024
1660,3,val1,325,16.512,0.003,0.518,17.034
1661,3,val3,323,16.411,0.003,0.620,17.034
1662,3,val1,317,16.106,0.003,0.925,17.034
1663,3,val3,321,16.309,0.004,0.721,17.034
1664,3,val1,315,16.005,0.004,1.026,17.035
1665,3,val3,319,16.208,0.004,0.824,17.035
1666,4,val2,329,16.723,0.004,0.308,17.035
1667,4,val2,327,16.623,0.004,0.409,17.036
1668,3,val1,351,17.828,0.003,0.102,17.934
1669,3,val2,349,17.727,0.004,0.206,17.936
1670,3,val3,345,17.524,0.004,0.409,17.937
1671,3,val1,343,17.423,0.003,0.510,17.937
1672,3,val1,347,17.626,0.004,0.307,17.937
1673,3,val3,339,17.221,0.004,0.716,17.941
1674,3,val1,341,17.322,0.004,0.615,17.941
1675,3,val2,337,17.120,0.004,0.817,17.941
1676,3,val3,333,16.917,0.004,1.020,17.941
1677,3,val1,335,17.019,0.006,0.917,17.942
1678,4,val2,335,17.027,0.004,0.914,17.944
1679,4,val3,345,17.534,0.004,0.408,17.945
1680,4,val1,347,17.635,0.004,0.306,17.945
1681,4,val1,349,17.737,0.004,0.205,17.946
1682,4,val2,351,17.838,0.005,0.105,17.948
1683,4,val3,341,17.331,0.004,0.614,17.949
1684,4,val1,337,17.129,0.004,0.816,17.949
1685,4,val2,343,17.433,0.005,0.512,17.949
1686,4,val3,339,17.230,0.004,0.715,17.950
1687,4,val3,333,16.926,0.009,1.014,17.950
1688,0,val3,352,17.846,0.003,0.104,17.953
1689,0,val1,350,17.746,0.003,0.205,17.954
1690,0,val1,346,17.544,0.003,0.407,17.954
1691,0,val2,348,17.645,0.004,0.305,17.954
1692,1,val3,336,17.043,0.003,0.915,17.961
1693,1,val1,348,17.651,0.004,0.306,17.961
1694,1,val1,350,17.753,0.005,0.204,17.962
1695,1,val3,352,17.854,0.005,0.103,17.962
1696,0,val3,344,17.443,0.003,0.516,17.963
1697,0,val1,336,17.038,0.003,0.922,17.963
1698,0,val2,340,17.240,0.004,0.719,17.963
1699,0,val2,338,17.139,0.004,0.820,17.964
1700,0,val2,342,17.342,0.004,0.618,17.964
1701,0,val2,334,16.938,0.005,1.022,17.964
1702,1,val3,344,17.448,0.004,0.514,17.966
1703,1,val1,342,17.347,0.004,0.616,17.966
1704,1,val2,346,17.550,0.004,0.412,17.967
1705,1,val1,334,16.941,0.005,1.022,17.967
1706,1,val3,340,17.246,0.005,0.717,17.967
1707,1,val2,338,17.144,0.004,0.820,17.968
1708,2,val3,352,17.867,0.003,0.104,17.974
1709,2,val1,348,17.665,0.003,0.306,17.974
1710,2,val1,346,17.564,0.004,0.407,17.975
1711,2,val3,344,17.463,0.003,0.509,17.975
1712,2,val1,350,17.767,0.005,0.204,17.975
1713,2,val3,336,17.057,0.004,0.919,17.979
1714,2,val2,342,17.361,0.005,0.614,17.980
1715,2,val3,338,17.159,0.004,0.818,17.980
1716,2,val2,334,16.956,0.005,1.019,17.980
1717,2,val3,340,17.261,0.004,0.716,17.981
1718,3,val1,344,17.474,0.004,0.509,17.986
1719,3,val3,346,17.575,0.004,0.408,17.987
1720,3,val3,348,17.676,0.004,0.307,17.987
1721,3,val3,350,17.778,0.005,0.205,17.987
1722,3,val3,352,17.880,0.005,0.103,17.988
1723,3,val1,340,17.272,0.004,0.717,17.992
1724,3,val2,342,17.373,0.005,0.614,17.992
1725,3,val1,336,17.070,0.004,0.919,17.992
1726,3,val2,334,16.968,0.006,1.019,17.993
1727,3,val1,338,17.171,0.004,0.819,17.993
1728,4,val2,346,17.584,0.003,0.406,17.994
1729,4,val1,348,17.686,0.004,0.306,17.995
1730,4,val1,350,17.787,0.004,0.205,17.996
1731,4,val3,352,17.889,0.004,0.103,17.996
1732,4,val2,338,17.179,0.003,0.821,18.003
1733,4,val3,336,17.078,0.004,0.922,18.004
1734,4,val3,344,17.483,0.004,0.516,18.004
1735,0,val3,353,17.897,0.003,0.104,18.004
1736,0,val1,351,17.796,0.003,0.205,18.004
1737,4,val1,340,17.281,0.004,0.720,18.004
1738,4,val3,342,17.382,0.005,0.618,18.005
1739,4,val3,334,16.977,0.006,1.022,18.005
1740,0,val2,349,17.695,0.003,0.306,18.005
1741,0,val2,347,17.595,0.003,0.408,18.006
1742,1,val3,337,17.093,0.003,0.914,18.010
1743,1,val2,349,17.702,0.004,0.306,18.012
1744,1,val2,353,17.905,0.004,0.103,18.013
1745,0,val2,345,17.494,0.004,0.517,18.014
1746,0,val1,337,17.089,0.003,0.922,18.014
1747,0,val3,339,17.190,0.004,0.821,18.014
1748,0,val2,343,17.392,0.003,0.619,18.015
1749,0,val1,335,16.988,0.005,1.023,18.015
1750,0,val2,341,17.291,0.003,0.721,18.016
1751,1,val2,351,17.804,0.004,0.208,18.016
1752,1,val2,347,17.600,0.004,0.413,18.017
1753,1,val1,345,17.499,0.004,0.515,18.017
1754,1,val3,343,17.397,0.004,0.616,18.017
1755,1,val1,341,17.296,0.004,0.717,18.018
1756,1,val1,335,16.991,0.007,1.020,18.018
1757,1,val2,339,17.195,0.004,0.820,18.018
1758,2,val2,349,17.716,0.003,0.307,18.026
1759,2,val3,345,17.513,0.003,0.510,18.026
1760,2,val1,351,17.817,0.003,0.206,18.026
1761,2,val3,343,17.411,0.004,0.618,18.033
1762,2,val2,347,17.614,0.004,0.414,18.033
1763,2,val1,335,17.006,0.005,1.022,18.033
1764,2,val3,337,17.108,0.003,0.922,18.034
1765,2,val1,339,17.210,0.004,0.820,18.034
1766,2,val2,341,17.311,0.005,0.719,18.034
1767,2,val3,355,18.019,0.003,0.915,18.937
1768,2,val3,357,18.120,0.004,0.813,18.937
1769,2,val3,371,18.830,0.004,0.104,18.937
1770,2,val1,369,18.729,0.004,0.208,18.941
1771,2,val3,367,18.628,0.004,0.310,18.941
1772,2,val1,353,17.918,0.003,1.021,18.942
1773,2,val3,359,18.222,0.004,0.716,18.942
1774,2,val3,361,18.323,0.005,0.615,18.942
1775,2,val3,363,18.425,0.005,0.513,18.943
1776,2,val3,365,18.527,0.006,0.410,18.943
1777,3,val2,365,18.538,0.003,0.407,18.948
1778,3,val1,367,18.639,0.004,0.306,18.949
1779,3,val3,369,18.741,0.004,0.204,18.949
1780,3,val3,371,18.842,0.005,0.103,18.950
1781,3,val1,355,18.031,0.004,0.920,18.955
1782,3,val1,353,17.930,0.006,1.020,18.955
1783,3,val3,359,18.235,0.004,0.717,18.956
1784,4,val1,365,18.548,0.004,0.405,18.956
1785,3,val2,357,18.133,0.004,0.819,18.956
1786,3,val3,361,18.336,0.005,0.616,18.956
1787,3,val1,363,18.438,0.005,0.514,18.957
1788,4,val1,371,18.852,0.004,0.103,18.959
1789,4,val2,369,18.751,0.004,0.205,18.959
1790,4,val2,367,18.650,0.004,0.306,18.959
1791,4,val3,361,18.346,0.003,0.616,18.965
1792,4,val3,355,18.042,0.003,0.920,18.965
1793,4,val3,357,18.143,0.004,0.819,18.966
1794,4,val1,359,18.245,0.004,0.717,18.966
1795,4,val3,363,18.447,0.005,0.515,18.966
1796,4,val3,353,17.940,0.006,1.021,18.967
1797,0,val3,368,18.658,0.003,0.306,18.967
1798,0,val2,366,18.556,0.004,0.408,18.968
1799,0,val1,370,18.759,0.004,0.205,18.968
1800,0,val3,372,18.860,0.005,0.103,18.968
1801,0,val1,356,18.049,0.004,0.922,18.974
1802,0,val2,364,18.455,0.004,0.516,18.974
1803,0,val3,360,18.252,0.004,0.718,18.975
1804,0,val2,362,18.353,0.004,0.618,18.975
1805,1,val2,372,18.868,0.003,0.104,18.975
1806,1,val1,356,18.057,0.003,0.915,18.975
1807,0,val1,358,18.150,0.004,0.821,18.975
1808,0,val1,354,17.948,0.004,1.023,18.976
1809,1,val3,358,18.159,0.004,0.813,18.976
1810,1,val3,368,18.666,0.004,0.306,18.976
1811,1,val1,370,18.767,0.004,0.205,18.976
1812,1,val1,364,18.463,0.004,0.512,18.979
1813,1,val2,362,18.362,0.005,0.613,18.980
1814,1,val1,360,18.261,0.004,0.715,18.980
1815,1,val1,366,18.565,0.005,0.410,18.980
1816,1,val2,354,17.956,0.006,1.018,18.981
1817,2,val2,366,18.577,0.003,0.407,18.987
1818,2,val2,368,18.678,0.004,0.306,18.988
1819,2,val1,372,18.881,0.004,0.103,18.988
1820,2,val1,370,18.779,0.004,0.205,18.988
1821,2,val3,364,18.476,0.003,0.515,18.994
1822,2,val2,362,18.374,0.003,0.617,18.994
1823,2,val3,360,18.273,0.005,0.717,18.994
1824,2,val2,356,18.070,0.003,0.921,18.994
1825,2,val2,354,17.968,0.003,1.023,18.995
1826,2,val2,358,18.171,0.004,0.820,18.995
1827,3,val1,372,18.892,0.003,0.103,18.998
1828,3,val2,368,18.690,0.003,0.306,18.999
1829,3,val3,370,18.791,0.003,0.205,19.000
1830,3,val3,366,18.588,0.003,0.414,19.006
1831,3,val2,358,18.184,0.004,0.818,19.006
1832,3,val1,362,18.387,0.004,0.615,19.006
1833,3,val3,356,18.082,0.003,0.921,19.007
1834,3,val1,354,17.981,0.005,1.021,19.007
1835,3,val3,364,18.488,0.004,0.516,19.007
1836,3,val3,360,18.286,0.005,0.718,19.008
1837,4,val2,364,18.497,0.004,0.508,19.009
1838,4,val3,372,18.902,0.004,0.104,19.010
1839,4,val3,370,18.801,0.004,0.206,19.010
1840,4,val3,366,18.599,0.004,0.408,19.011
1841,4,val1,368,18.700,0.004,0.307,19.011
1842,4,val3,362,18.396,0.003,0.616,19.016
1843,4,val1,360,18.295,0.003,0.718,19.016
1844,4,val1,354,17.990,0.005,1.022,19.017
1845,4,val3,356,18.093,0.003,0.921,19.017
1846,4,val1,358,18.194,0.004,0.819,19.017
1847,0,val2,357,18.099,0.004,0.914,19.017
1848,0,val1,369,18.708,0.004,0.306,19.018
1849,0,val2,371,18.810,0.004,0.204,19.018
1850,0,val1,373,18.911,0.005,0.103,19.019
1851,0,val1,367,18.607,0.004,0.413,19.024
1852,0,val3,359,18.201,0.004,0.819,19.025
1853,0,val2,361,18.303,0.004,0.718,19.025
1854,0,val3,363,18.404,0.004,0.617,19.025
1855,0,val2,355,17.998,0.007,1.020,19.025
1856,0,val2,365,18.506,0.005,0.515,19.026
1857,1,val1,357,18.108,0.004,0.914,19.026
1858,1,val1,371,18.818,0.004,0.205,19.026
1859,1,val2,369,18.717,0.004,0.306,19.027
1860,1,val1,361,18.311,0.003,0.718,19.032
1861,1,val3,359,18.210,0.004,0.819,19.033
1862,1,val2,363,18.413,0.005,0.615,19.033
1863,1,val1,355,18.007,0.005,1.022,19.033
1864,1,val1,365,18.514,0.005,0.514,19.033
1865,1,val2,367,18.616,0.005,0.413,19.034
1866,0,val2,379,19.216,0.004,0.715,19.935
1867,0,val2,375,19.013,0.006,0.916,19.935
1868,1,val3,385,19.526,0.003,0.407,19.937
1869,1,val3,387,19.628,0.004,0.306,19.937
1870,1,val1,389,19.729,0.004,0.204,19.938
1871,1,val3,391,19.830,0.005,0.103,19.938
1872,1,val1,381,19.324,0.003,0.616,19.943
1873,1,val2,377,19.122,0.003,0.819,19.944
1874,1,val3,383,19.425,0.004,0.515,19.944
1875,1,val1,379,19.223,0.004,0.717,19.944
1876,1,val2,375,19.020,0.004,0.921,19.945
1877,1,val2,373,18.919,0.006,1.020,19.945
1878,2,val2,375,19.032,0.003,0.912,19.947
1879,2,val2,377,19.133,0.004,0.813,19.950
1880,2,val2,387,19.640,0.004,0.307,19.951
1881,2,val2,391,19.843,0.004,0.104,19.951
1882,2,val3,389,19.742,0.005,0.205,19.951
1883,2,val1,383,19.438,0.004,0.513,19.954
1884,2,val2,379,19.235,0.004,0.716,19.955
1885,2,val3,385,19.539,0.005,0.411,19.955
1886,2,val2,373,18.932,0.004,1.019,19.955
1887,2,val2,381,19.336,0.005,0.615,19.956
1888,3,val2,385,19.552,0.003,0.405,19.960
1889,3,val2,389,19.754,0.004,0.205,19.963
1890,3,val3,383,19.450,0.003,0.510,19.964
1891,3,val1,387,19.653,0.004,0.307,19.964
1892,3,val1,391,19.856,0.005,0.103,19.964
1893,3,val1,381,19.349,0.004,0.615,19.967
1894,3,val3,379,19.248,0.003,0.717,19.968
1895,3,val2,373,18.943,0.004,1.021,19.968
1896,3,val3,375,19.045,0.003,0.920,19.968
1897,3,val1,377,19.146,0.004,0.818,19.969
1898,4,val3,375,19.055,0.004,0.911,19.970
1899,4,val3,385,19.561,0.004,0.407,19.971
1900,4,val3,387,19.662,0.004,0.306,19.972
1901,4,val2,391,19.864,0.004,0.104,19.973
1902,4,val1,389,19.763,0.004,0.205,19.973
1903,4,val3,383,19.460,0.004,0.515,19.979
1904,4,val1,377,19.156,0.004,0.819,19.979
1905,4,val3,381,19.358,0.004,0.617,19.979
1906,4,val1,373,18.953,0.005,1.022,19.980
1907,0,val3,374,18.961,0.004,1.014,19.980
1908,4,val3,379,19.257,0.004,0.719,19.980
1909,0,val3,382,19.367,0.004,0.610,19.980
1910,0,val3,384,19.468,0.004,0.510,19.982
1911,0,val3,392,19.874,0.005,0.104,19.982
1912,0,val2,388,19.671,0.004,0.307,19.983
1913,0,val3,390,19.773,0.005,0.206,19.984
1914,0,val3,386,19.570,0.005,0.411,19.986
1915,0,val2,376,19.064,0.004,0.919,19.986
1916,1,val2,382,19.374,0.003,0.609,19.986
1917,0,val2,380,19.266,0.004,0.716,19.986
1918,0,val3,378,19.165,0.004,0.818,19.987
1919,1,val2,392,19.880,0.004,0.103,19.987
1920,1,val3,390,19.780,0.004,0.206,19.989
1921,1,val1,386,19.577,0.004,0.409,19.990
1922,1,val2,384,19.476,0.004,0.510,19.990
1923,1,val3,388,19.678,0.004,0.308,19.990
1924,1,val2,380,19.273,0.003,0.716,19.993
1925,1,val1,378,19.172,0.004,0.817,19.993
1926,1,val2,376,19.071,0.003,0.919,19.993
1927,1,val1,374,18.969,0.003,1.021,19.994
1928,2,val2,376,19.083,0.003,0.912,19.998
1929,2,val1,386,19.590,0.004,0.407,20.000
1930,2,val2,392,19.893,0.004,0.105,20.003
1931,2,val1,388,19.691,0.004,0.308,20.003
1932,2,val1,390,19.792,0.005,0.207,20.003
1933,2,val1,384,19.488,0.004,0.512,20.004
1934,2,val1,378,19.184,0.004,0.816,20.004
1935,2,val1,382,19.387,0.004,0.613,20.004
1936,2,val3,380,19.286,0.005,0.714,20.005
1937,2,val1,374,18.982,0.003,1.019,20.005
1938,3,val3,384,19.501,0.003,0.507,20.011
1939,3,val3,388,19.703,0.004,0.306,20.013
1940,3,val3,386,19.602,0.004,0.407,20.013
1941,3,val3,392,19.906,0.004,0.104,20.014
1942,3,val2,390,19.805,0.005,0.205,20.015
1943,3,val1,382,19.400,0.003,0.616,20.019
1944,3,val3,374,18.994,0.005,1.021,20.019
1945,3,val1,380,19.298,0.004,0.718,20.020
1946,3,val1,376,19.096,0.004,0.921,20.020
1947,3,val1,378,19.197,0.005,0.819,20.021
1948,4,val1,390,19.814,0.003,0.204,20.021
1949,4,val3,392,19.915,0.004,0.103,20.022
1950,4,val2,388,19.713,0.003,0.312,20.029
1951,4,val3,386,19.612,0.003,0.415,20.030
1952,4,val1,382,19.409,0.003,0.618,20.030
1953,4,val1,376,19.105,0.003,0.921,20.030
1954,4,val2,380,19.308,0.004,0.719,20.031
1955,4,val3,378,19.207,0.004,0.820,20.031
1956,4,val3,374,19.004,0.007,1.020,20.031
1957,0,val1,389,19.722,0.003,0.306,20.031
1958,4,val2,384,19.511,0.005,0.516,20.031
1959,0,val2,387,19.621,0.003,0.408,20.032
1960,0,val1,391,19.823,0.004,0.209,20.036
1961,0,val1,385,19.519,0.003,0.514,20.037
1962,0,val2,383,19.418,0.003,0.616,20.037
1963,0,val2,377,19.114,0.004,0.920,20.038
1964,0,val2,381,19.317,0.004,0.718,20.038
1965,4,val3,408,20.726,0.003,0.204,20.934
1966,4,val2,406,20.625,0.003,0.305,20.934
1967,4,val3,410,20.828,0.004,0.103,20.935
1968,4,val3,404,20.524,0.004,0.413,20.941
1969,4,val3,402,20.422,0.004,0.515,20.941
1970,4,val1,400,20.321,0.003,0.617,20.941
1971,4,val2,398,20.220,0.003,0.718,20.941
1972,4,val2,396,20.119,0.003,0.819,20.942
1973,4,val2,394,20.017,0.005,0.920,20.942
1974,0,val2,409,20.735,0.003,0.204,20.943
1975,0,val3,411,20.837,0.004,0.103,20.943
1976,0,val2,407,20.635,0.003,0.306,20.944
1977,1,val2,405,20.538,0.003,0.406,20.947
1978,1,val2,411,20.842,0.003,0.102,20.948
1979,0,val1,405,20.533,0.003,0.414,20.950
1980,0,val2,395,20.026,0.004,0.921,20.950
1981,0,val3,401,20.330,0.004,0.617,20.950
1982,1,val3,409,20.741,0.004,0.207,20.951
1983,0,val1,397,20.127,0.003,0.821,20.951
1984,0,val3,399,20.229,0.004,0.718,20.951
1985,0,val1,403,20.431,0.005,0.515,20.951
1986,0,val2,393,19.925,0.008,1.018,20.952
1987,1,val3,401,20.336,0.003,0.612,20.951
1988,1,val1,399,20.235,0.003,0.713,20.952
1989,1,val1,403,20.437,0.004,0.511,20.952
1990,1,val1,407,20.639,0.005,0.308,20.952
1991,1,val1,395,20.033,0.004,0.918,20.955
1992,1,val3,393,19.931,0.004,1.020,20.955
1993,1,val2,397,20.135,0.004,0.817,20.956
1994,2,val3,411,20.855,0.003,0.104,20.962
1995,2,val3,409,20.754,0.003,0.205,20.962
1996,2,val3,405,20.551,0.004,0.408,20.963
1997,2,val1,395,20.045,0.003,0.915,20.963
1998,2,val2,407,20.653,0.004,0.306,20.963
1999,2,val2,397,20.146,0.004,0.818,20.968
2000,2,val1,401,20.349,0.004,0.615,20.968
2001,2,val3,403,20.451,0.005,0.513,20.968
2002,2,val1,399,20.248,0.004,0.716,20.968
2003,2,val2,393,19.944,0.005,1.019,20.969
2004,3,val2,411,20.868,0.004,0.104,20.975
2005,3,val1,409,20.766,0.004,0.206,20.975
2006,3,val2,407,20.665,0.003,0.307,20.976
2007,3,val1,405,20.564,0.004,0.408,20.976
2008,3,val3,401,20.361,0.003,0.613,20.978
2009,3,val3,399,20.260,0.004,0.714,20.978
2010,3,val1,403,20.463,0.004,0.512,20.979
2011,3,val1,397,20.160,0.004,0.815,20.979
2012,3,val3,395,20.059,0.003,0.917,20.979
2013,3,val1,393,19.957,0.004,1.018,20.979
2014,4,val1,401,20.371,0.003,0.609,20.984
2015,4,val3,411,20.878,0.003,0.103,20.985
2016,4,val1,403,20.473,0.004,0.508,20.985
2017,4,val3,405,20.574,0.004,0.408,20.986
2018,4,val3,407,20.676,0.005,0.306,20.987
2019,4,val2,409,20.777,0.005,0.205,20.987
2020,4,val3,399,20.271,0.003,0.716,20.990
2021,4,val1,395,20.069,0.004,0.918,20.990
2022,4,val3,397,20.170,0.004,0.817,20.991
2023,4,val3,393,19.966,0.006,1.019,20.991
2024,0,val3,396,20.076,0.003,0.912,20.992
2025,0,val3,410,20.786,0.003,0.204,20.993
2026,0,val1,408,20.685,0.004,0.306,20.994
2027,0,val1,412,20.887,0.005,0.103,20.995
2028,1,val1,412,20.893,0.003,0.102,20.998
2029,0,val3,404,20.482,0.004,0.513,20.999
2030,0,val1,400,20.279,0.004,0.716,20.999
2031,0,val3,398,20.178,0.004,0.818,20.999
2032,0,val1,402,20.380,0.004,0.615,21.000
2033,0,val1,406,20.584,0.005,0.411,21.000
2034,0,val2,394,19.975,0.008,1.017,21.000
2035,1,val1,410,20.791,0.004,0.208,21.003
2036,1,val2,408,20.690,0.003,0.309,21.003
2037,1,val1,406,20.589,0.003,0.412,21.004
2038,1,val1,400,20.285,0.003,0.716,21.005
2039,1,val3,404,20.487,0.003,0.514,21.005
2040,1,val2,402,20.387,0.004,0.615,21.005
2041,1,val3,396,20.084,0.004,0.918,21.006
2042,1,val2,398,20.185,0.004,0.817,21.006
2043,1,val3,394,19.982,0.005,1.019,21.006
2044,2,val1,396,20.096,0.003,0.913,21.012
2045,2,val2,408,20.703,0.003,0.306,21.013
2046,2,val3,410,20.804,0.004,0.204,21.013
2047,2,val1,412,20.906,0.005,0.103,21.013
2048,2,val1,406,20.602,0.004,0.411,21.017
2049,2,val3,400,20.298,0.004,0.715,21.017
2050,2,val1,404,20.501,0.004,0.513,21.017
2051,2,val3,402,20.400,0.004,0.613,21.018
2052,2,val1,398,20.197,0.004,0.817,21.018
2053,2,val1,394,19.995,0.006,1.018,21.018
2054,3,val3,406,20.615,0.003,0.407,21.025
2055,3,val3,410,20.817,0.004,0.205,21.025
2056,3,val1,408,20.716,0.004,0.306,21.026
2057,3,val3,402,20.412,0.003,0.618,21.033
2058,3,val2,398,20.210,0.003,0.820,21.034
2059,3,val3,396,20.109,0.003,0.921,21.034
2060,3,val2,400,20.311,0.003,0.720,21.034
2061,3,val2,404,20.514,0.005,0.516,21.035
2062,3,val2,394,20.008,0.006,1.021,21.035
2063,3,val1,424,21.524,0.003,0.408,21.935
2064,3,val1,430,21.827,0.004,0.104,21.935
2065,3,val3,426,21.625,0.004,0.307,21.936
2066,3,val1,428,21.726,0.004,0.205,21.936
2067,3,val2,422,21.423,0.003,0.516,21.942
2068,3,val3,420,21.321,0.003,0.617,21.942
2069,3,val1,418,21.220,0.003,0.718,21.942
2070,3,val3,414,21.019,0.003,0.921,21.942
2071,3,val2,412,20.918,0.003,1.022,21.943
2072,3,val3,416,21.119,0.004,0.820,21.943
2073,4,val2,428,21.739,0.004,0.203,21.946
2074,4,val1,430,21.841,0.004,0.102,21.947
2075,4,val2,426,21.639,0.004,0.306,21.948
2076,4,val3,424,21.538,0.003,0.411,21.952
2077,4,val3,414,21.030,0.004,0.919,21.953
2078,4,val3,416,21.132,0.004,0.817,21.953
2079,4,val3,422,21.437,0.005,0.512,21.953
2080,4,val2,418,21.234,0.004,0.716,21.953
2081,4,val2,420,21.335,0.005,0.614,21.954
2082,4,val2,412,20.929,0.006,1.019,21.954
2083,0,val3,431,21.849,0.003,0.103,21.955
2084,0,val1,425,21.546,0.003,0.407,21.956
2085,0,val3,429,21.748,0.004,0.205,21.956
2086,0,val3,427,21.647,0.004,0.305,21.956
2087,1,val3,425,21.550,0.003,0.408,21.961
2088,1,val1,427,21.651,0.004,0.306,21.961
2089,1,val2,431,21.854,0.004,0.104,21.961
2090,1,val2,429,21.753,0.004,0.204,21.962
2091,0,val1,423,21.445,0.003,0.516,21.964
2092,0,val3,421,21.343,0.004,0.617,21.964
2093,0,val2,413,20.938,0.006,1.021,21.965
2094,0,val1,417,21.140,0.003,0.821,21.965
2095,0,val1,415,21.039,0.004,0.922,21.965
2096,0,val2,419,21.242,0.005,0.719,21.966
2097,1,val1,423,21.449,0.003,0.516,21.968
2098,1,val2,417,21.146,0.004,0.819,21.969
2099,1,val3,413,20.944,0.005,1.020,21.969
2100,1,val1,415,21.044,0.004,0.921,21.969
2101,1,val1,421,21.348,0.004,0.618,21.970
2102,1,val1,419,21.247,0.004,0.718,21.970
2103,2,val1,423,21.463,0.003,0.508,21.974
2104,2,val3,429,21.767,0.004,0.205,21.975
2105,2,val1,427,21.666,0.004,0.305,21.975
2106,2,val1,431,21.868,0.004,0.103,21.975
2107,2,val2,425,21.565,0.004,0.413,21.982
2108,2,val2,417,21.159,0.004,0.819,21.982
2109,2,val1,421,21.362,0.003,0.617,21.982
2110,2,val1,415,21.057,0.003,0.922,21.983
2111,2,val2,413,20.956,0.004,1.023,21.983
2112,2,val2,419,21.261,0.005,0.718,21.983
2113,3,val1,423,21.473,0.003,0.509,21.985
2114,3,val1,425,21.574,0.004,0.407,21.985
2115,3,val2,431,21.878,0.004,0.104,21.986
2116,3,val2,427,21.676,0.004,0.306,21.986
2117,3,val3,429,21.777,0.004,0.205,21.986
2118,3,val1,421,21.372,0.003,0.614,21.989
2119,3,val3,419,21.271,0.003,0.715,21.989
2120,3,val1,417,21.170,0.003,0.817,21.990
2121,3,val3,413,20.968,0.003,1.018,21.990
2122,3,val3,415,21.069,0.004,0.918,21.990
2123,4,val2,415,21.081,0.004,0.912,21.996
2124,4,val2,427,21.689,0.004,0.305,21.998
2125,4,val2,429,21.790,0.004,0.205,21.999
2126,4,val3,431,21.892,0.005,0.103,22.000
2127,0,val1,416,21.090,0.003,0.911,22.004
2128,4,val3,425,21.588,0.004,0.414,22.006
2129,4,val1,413,20.979,0.005,1.022,22.006
2130,4,val2,417,21.183,0.004,0.820,22.006
2131,4,val2,421,21.386,0.005,0.616,22.007
2132,4,val3,423,21.487,0.003,0.517,22.007
2133,4,val3,419,21.284,0.004,0.719,22.007
2134,0,val3,430,21.798,0.003,0.206,22.008
2135,0,val3,426,21.596,0.004,0.408,22.008
2136,0,val2,428,21.697,0.004,0.307,22.008
2137,0,val1,432,21.900,0.005,0.104,22.009
2138,1,val1,432,21.905,0.003,0.102,22.010
2139,1,val2,430,21.803,0.003,0.206,22.013
2140,1,val3,414,20.994,0.004,1.015,22.013
2141,0,val3,418,21.191,0.004,0.818,22.013
2142,0,val2,420,21.292,0.004,0.717,22.013
2143,0,val3,422,21.394,0.004,0.615,22.014
2144,0,val2,414,20.989,0.005,1.020,22.014
2145,1,val3,428,21.702,0.004,0.307,22.013
2146,1,val1,426,21.600,0.004,0.409,22.013
2147,0,val2,424,21.496,0.005,0.513,22.014
2148,1,val2,424,21.500,0.004,0.512,22.015
2149,1,val2,422,21.399,0.004,0.614,22.016
2150,1,val1,420,21.298,0.004,0.714,22.016
2151,1,val2,416,21.095,0.004,0.917,22.017
2152,1,val2,418,21.197,0.004,0.816,22.017
2153,2,val1,430,21.817,0.004,0.206,22.027
2154,2,val3,416,21.108,0.004,0.915,22.027
2155,2,val2,418,21.210,0.004,0.814,22.027
2156,2,val1,428,21.716,0.004,0.307,22.028
2157,2,val1,426,21.615,0.005,0.412,22.032
2158,2,val3,422,21.412,0.004,0.616,22.032
2159,2,val2,424,21.514,0.005,0.513,22.032
2160,2,val1,420,21.311,0.004,0.717,22.033
2161,2,val3,414,21.007,0.005,1.022,22.033
2162,2,val3,436,22.122,0.003,0.813,22.939
2163,2,val3,444,22.527,0.004,0.408,22.939
2164,2,val2,450,22.831,0.004,0.104,22.939
2165,2,val3,448,22.730,0.005,0.205,22.940
2166,2,val2,446,22.629,0.004,0.308,22.940
2167,2,val3,442,22.427,0.004,0.513,22.944
2168,2,val2,434,22.020,0.004,0.920,22.945
2169,2,val3,438,22.224,0.004,0.718,22.945
2170,2,val3,432,21.919,0.003,1.023,22.945
2171,2,val3,440,22.325,0.005,0.616,22.946
2172,3,val2,450,22.842,0.003,0.104,22.949
2173,3,val1,444,22.538,0.003,0.407,22.949
2174,3,val1,446,22.640,0.004,0.306,22.949
2175,3,val1,448,22.740,0.004,0.205,22.950
2176,3,val3,434,22.030,0.004,0.923,22.957
2177,3,val2,436,22.132,0.004,0.822,22.958
2178,3,val1,440,22.335,0.005,0.617,22.958
2179,3,val2,432,21.929,0.006,1.024,22.958
2180,3,val2,438,22.234,0.004,0.720,22.959
2181,3,val2,442,22.437,0.005,0.517,22.959
2182,4,val3,450,22.854,0.003,0.102,22.960
2183,4,val1,448,22.753,0.003,0.207,22.963
2184,4,val2,440,22.348,0.003,0.612,22.963
2185,4,val3,444,22.550,0.004,0.410,22.963
2186,4,val3,442,22.449,0.004,0.511,22.964
2187,4,val3,446,22.651,0.004,0.308,22.964
2188,0,val2,449,22.758,0.003,0.203,22.965
2189,4,val2,436,22.146,0.003,0.817,22.966
2190,0,val1,451,22.860,0.004,0.102,22.965
2191,4,val2,434,22.044,0.004,0.918,22.966
2192,4,val2,438,22.247,0.004,0.715,22.967
2193,4,val3,432,21.943,0.005,1.019,22.967
2194,0,val1,441,22.355,0.003,0.610,22.968
2195,0,val3,447,22.658,0.003,0.307,22.968
2196,0,val3,445,22.556,0.003,0.409,22.969
2197,0,val3,443,22.456,0.004,0.509,22.969
2198,0,val3,439,22.254,0.004,0.716,22.973
2199,0,val3,433,21.950,0.003,1.020,22.973
2200,0,val1,435,22.051,0.004,0.919,22.974
2201,0,val1,437,22.152,0.004,0.817,22.974
2202,1,val2,445,22.564,0.003,0.407,22.974
2203,1,val2,447,22.665,0.004,0.306,22.975
2204,1,val3,451,22.868,0.004,0.103,22.976
2205,1,val2,449,22.767,0.004,0.205,22.976
2206,1,val3,443,22.464,0.003,0.515,22.982
2207,1,val3,435,22.058,0.003,0.921,22.982
2208,1,val3,437,22.159,0.004,0.819,22.982
2209,1,val2,441,22.362,0.003,0.617,22.983
2210,1,val2,433,21.956,0.004,1.023,22.983
2211,1,val3,439,22.261,0.005,0.717,22.983
2212,2,val2,435,22.071,0.004,0.912,22.987
2213,2,val1,451,22.882,0.004,0.104,22.989
2214,2,val1,443,22.477,0.004,0.509,22.990
2215,2,val3,449,22.781,0.004,0.206,22.990
2216,2,val3,447,22.679,0.004,0.307,22.990
2217,2,val2,445,22.578,0.004,0.409,22.991
2218,2,val1,433,21.969,0.004,1.020,22.992
2219,2,val1,437,22.173,0.004,0.815,22.992
2220,2,val1,439,22.275,0.005,0.713,22.993
2221,2,val1,441,22.376,0.005,0.612,22.993
2222,3,val1,447,22.690,0.003,0.305,22.998
2223,3,val2,435,22.081,0.003,0.914,22.999
2224,3,val2,437,22.183,0.004,0.813,23.000
2225,3,val3,449,22.791,0.005,0.205,23.001
2226,3,val1,451,22.893,0.005,0.103,23.001
2227,3,val2,443,22.487,0.004,0.513,23.004
2228,3,val3,445,22.589,0.004,0.411,23.004
2229,3,val1,439,22.285,0.004,0.715,23.005
2230,3,val3,433,21.980,0.006,1.018,23.005
2231,3,val1,441,22.386,0.005,0.614,23.005
2232,4,val1,435,22.095,0.003,0.911,23.009
2233,4,val2,451,22.904,0.004,0.104,23.012
2234,4,val2,445,22.601,0.004,0.407,23.012
2235,4,val1,449,22.803,0.004,0.205,23.012
2236,4,val3,443,22.500,0.004,0.509,23.013
2237,4,val3,447,22.702,0.004,0.308,23.015
2238,4,val1,437,22.197,0.004,0.815,23.015
2239,4,val3,441,22.399,0.004,0.613,23.016
2240,4,val2,433,21.993,0.006,1.017,23.016
2241,4,val3,439,22.298,0.004,0.715,23.017
2242,0,val2,452,22.911,0.003,0.105,23.019
2243,0,val2,448,22.708,0.003,0.308,23.020
2244,0,val2,446,22.607,0.004,0.410,23.021
2245,0,val3,450,22.809,0.003,0.209,23.021
2246,0,val1,444,22.506,0.003,0.512,23.022
2247,0,val1,442,22.405,0.003,0.614,23.022
2248,0,val2,438,22.203,0.003,0.816,23.022
2249,0,val2,436,22.102,0.003,0.917,23.023
2250,0,val1,440,22.304,0.004,0.715,23.023
2251,0,val3,434,22.001,0.006,1.016,23.023
2252,1,val3,446,22.614,0.003,0.407,23.025
2253,1,val1,436,22.109,0.003,0.914,23.026
2254,1,val3,448,22.716,0.004,0.307,23.027
2255,1,val3,450,22.818,0.005,0.205,23.027
2256,1,val1,444,22.514,0.004,0.514,23.032
2257,1,val2,438,22.210,0.004,0.818,23.032
2258,1,val1,442,22.413,0.005,0.615,23.032
2259,1,val2,440,22.312,0.004,0.717,23.033
2260,1,val3,434,22.007,0.007,1.019,23.033
2261,0,val1,458,23.214,0.003,0.715,23.933
2262,1,val1,468,23.729,0.003,0.205,23.938
2263,1,val1,464,23.527,0.003,0.408,23.938
2264,1,val1,466,23.628,0.004,0.307,23.938
2265,1,val1,470,23.830,0.004,0.104,23.939
2266,1,val1,460,23.324,0.004,0.613,23.941
2267,1,val1,462,23.426,0.004,0.511,23.941
2268,1,val2,456,23.122,0.004,0.816,23.942
2269,1,val3,458,23.223,0.004,0.715,23.942
2270,1,val3,452,22.919,0.005,1.018,23.942
2271,1,val3,454,23.020,0.005,0.917,23.943
2272,2,val3,464,23.539,0.003,0.405,23.948
2273,2,val3,466,23.640,0.004,0.305,23.949
2274,2,val2,470,23.843,0.004,0.103,23.949
2275,2,val2,468,23.742,0.004,0.204,23.950
2276,2,val1,454,23.033,0.003,0.921,23.958
2277,2,val2,462,23.438,0.004,0.516,23.958
2278,2,val1,456,23.134,0.004,0.820,23.958
2279,2,val1,452,22.933,0.003,1.023,23.959
2280,2,val2,460,23.337,0.004,0.618,23.959
2281,2,val1,458,23.236,0.005,0.719,23.960
2282,3,val2,462,23.449,0.003,0.508,23.961
2283,3,val3,470,23.856,0.004,0.102,23.961
2284,3,val2,468,23.754,0.004,0.210,23.968
2285,3,val1,466,23.652,0.004,0.312,23.969
2286,3,val3,456,23.146,0.004,0.819,23.969
2287,3,val2,454,23.044,0.003,0.921,23.969
2288,3,val1,458,23.248,0.004,0.718,23.970
2289,3,val3,460,23.348,0.004,0.618,23.970
2290,3,val1,452,22.944,0.006,1.020,23.970
2291,3,val2,464,23.551,0.006,0.413,23.971
2292,4,val2,462,23.462,0.003,0.508,23.973
2293,4,val1,468,23.765,0.004,0.206,23.975
2294,4,val1,464,23.564,0.004,0.408,23.975
2295,4,val2,466,23.665,0.004,0.307,23.976
2296,4,val1,470,23.867,0.005,0.104,23.976
2297,0,val2,455,23.062,0.003,0.911,23.977
2298,0,val3,471,23.872,0.004,0.104,23.980
2299,0,val3,469,23.770,0.004,0.206,23.980
2300,0,val3,465,23.568,0.004,0.409,23.981
2301,0,val3,467,23.669,0.004,0.308,23.981
2302,4,val3,460,23.361,0.003,0.617,23.982
2303,4,val1,456,23.158,0.003,0.821,23.982
2304,4,val3,454,23.057,0.004,0.922,23.982
2305,4,val1,452,22.955,0.004,1.024,23.983
2306,4,val2,458,23.260,0.004,0.719,23.983
2307,0,val3,459,23.265,0.004,0.716,23.985
2308,0,val2,457,23.164,0.004,0.818,23.986
2309,0,val1,461,23.366,0.004,0.615,23.986
2310,0,val2,463,23.468,0.005,0.514,23.986
2311,0,val1,453,22.961,0.005,1.021,23.987
2312,1,val2,471,23.880,0.003,0.104,23.988
2313,1,val1,465,23.577,0.003,0.408,23.988
2314,1,val1,469,23.779,0.004,0.205,23.988
2315,1,val1,467,23.679,0.004,0.306,23.989
2316,1,val2,457,23.172,0.003,0.819,23.994
2317,1,val1,455,23.071,0.003,0.920,23.994
2318,1,val2,463,23.476,0.004,0.515,23.995
2319,1,val1,459,23.274,0.004,0.717,23.995
2320,1,val1,461,23.375,0.005,0.615,23.995
2321,1,val1,453,22.970,0.005,1.021,23.996
2322,2,val3,455,23.084,0.003,0.911,23.998
2323,2,val3,463,23.489,0.004,0.507,23.999
2324,2,val1,465,23.590,0.004,0.407,24.001
2325,2,val3,471,23.894,0.004,0.104,24.002
2326,2,val2,469,23.792,0.004,0.207,24.004
2327,2,val1,467,23.691,0.004,0.308,24.004
2328,2,val2,461,23.388,0.004,0.613,24.004
2329,2,val2,457,23.185,0.004,0.816,24.005
2330,2,val2,459,23.286,0.004,0.714,24.005
2331,2,val3,453,22.983,0.004,1.019,24.005
2332,3,val3,455,23.095,0.004,0.914,24.012
2333,3,val1,467,23.703,0.004,0.305,24.013
2334,3,val3,471,23.906,0.004,0.103,24.014
2335,3,val2,469,23.805,0.004,0.208,24.018
2336,3,val3,465,23.602,0.004,0.412,24.018
2337,3,val2,463,23.500,0.004,0.514,24.018
2338,3,val3,461,23.399,0.004,0.616,24.018
2339,3,val3,453,22.994,0.006,1.019,24.019
2340,3,val1,457,23.197,0.004,0.818,24.019
2341,3,val1,459,23.298,0.004,0.717,24.019
2342,4,val2,465,23.614,0.003,0.407,24.024
2343,4,val3,469,23.816,0.003,0.206,24.025
2344,4,val2,467,23.715,0.004,0.307,24.026
2345,0,val1,466,23.619,0.003,0.410,24.032
2346,0,val2,468,23.720,0.004,0.309,24.032
2347,0,val2,470,23.821,0.004,0.208,24.033
2348,0,val1,464,23.518,0.004,0.513,24.034
2349,0,val1,460,23.315,0.003,0.717,24.035
2350,4,val3,455,23.107,0.003,0.925,24.035
2351,0,val3,456,23.113,0.004,0.919,24.035
2352,4,val1,457,23.209,0.004,0.823,24.036
2353,0,val3,462,23.417,0.004,0.615,24.036
2354,0,val3,454,23.012,0.004,1.020,24.036
2355,4,val2,459,23.310,0.004,0.722,24.036
2356,4,val1,453,23.006,0.005,1.025,24.036
2357,4,val2,461,23.412,0.005,0.620,24.036
2358,4,val1,463,23.513,0.005,0.519,24.037
2359,4,val2,487,24.729,0.003,0.205,24.937
2360,4,val2,485,24.628,0.003,0.306,24.938
2361,4,val2,483,24.527,0.003,0.409,24.939
2362,0,val2,478,24.225,0.003,0.711,24.939
2363,4,val3,471,23.917,0.004,1.019,24.940
2364,4,val3,489,24.831,0.006,0.104,24.940
2365,0,val2,484,24.528,0.004,0.408,24.940
2366,4,val1,475,24.122,0.004,0.815,24.940
2367,0,val3,486,24.630,0.004,0.309,24.943
2368,0,val3,488,24.732,0.004,0.207,24.943
2369,4,val3,481,24.426,0.004,0.514,24.943
2370,4,val2,473,24.020,0.005,0.919,24.944
2371,4,val1,479,24.324,0.005,0.615,24.944
2372,0,val2,490,24.833,0.005,0.106,24.944
2373,4,val1,477,24.223,0.005,0.716,24.944
2374,0,val2,482,24.428,0.004,0.513,24.944
2375,0,val2,480,24.326,0.004,0.615,24.945
2376,0,val2,476,24.125,0.004,0.817,24.945
2377,0,val2,474,24.024,0.003,0.918,24.946
2378,0,val3,472,23.922,0.006,1.018,24.946
2379,1,val2,490,24.840,0.004,0.105,24.950
2380,1,val3,486,24.637,0.003,0.309,24.950
2381,1,val3,484,24.536,0.003,0.411,24.950
2382,1,val2,480,24.334,0.003,0.613,24.951
2383,1,val2,488,24.740,0.005,0.207,24.951
2384,1,val3,482,24.435,0.004,0.513,24.953
2385,1,val3,478,24.233,0.004,0.716,24.953
2386,1,val1,476,24.132,0.004,0.817,24.953
2387,1,val2,472,23.931,0.004,1.019,24.953
2388,1,val3,474,24.031,0.005,0.918,24.954
2389,2,val2,474,24.045,0.003,0.915,24.964
2390,2,val1,476,24.147,0.004,0.814,24.964
2391,2,val3,486,24.653,0.004,0.308,24.964
2392,2,val1,490,24.856,0.004,0.104,24.965
2393,2,val2,488,24.755,0.005,0.206,24.965
2394,2,val2,478,24.248,0.004,0.715,24.967
2395,2,val1,482,24.451,0.004,0.512,24.967
2396,2,val2,472,23.944,0.005,1.018,24.968
2397,2,val2,484,24.553,0.005,0.410,24.968
2398,2,val1,480,24.350,0.005,0.614,24.968
2399,3,val2,488,24.767,0.003,0.203,24.974
2400,3,val2,490,24.868,0.004,0.102,24.974
2401,3,val1,486,24.667,0.003,0.308,24.978
2402,3,val2,474,24.059,0.003,0.916,24.978
2403,3,val3,472,23.957,0.005,1.017,24.979
2404,3,val2,484,24.565,0.004,0.411,24.980
2405,3,val2,478,24.262,0.005,0.714,24.981
2406,3,val1,480,24.363,0.004,0.614,24.981
2407,3,val1,476,24.160,0.004,0.817,24.981
2408,3,val2,482,24.464,0.006,0.512,24.982
2409,4,val3,490,24.881,0.003,0.104,24.989
2410,0,val2,479,24.276,0.004,0.710,24.989
2411,4,val3,488,24.780,0.004,0.206,24.989
2412,4,val3,484,24.577,0.003,0.409,24.989
2413,4,val1,482,24.476,0.004,0.510,24.990
2414,4,val2,486,24.678,0.004,0.308,24.990
2415,0,val3,491,24.883,0.004,0.103,24.990
2416,4,val2,474,24.071,0.003,0.919,24.993
2417,4,val2,478,24.274,0.004,0.716,24.994
2418,4,val2,472,23.969,0.005,1.019,24.994
2419,4,val1,480,24.375,0.004,0.615,24.994
2420,4,val1,476,24.173,0.004,0.817,24.994
2421,0,val3,489,24.782,0.004,0.209,24.995
2422,0,val2,481,24.377,0.004,0.614,24.995
2423,0,val1,483,24.478,0.004,0.513,24.995
2424,0,val2,475,24.074,0.003,0.918,24.996
2425,0,val3,485,24.579,0.004,0.413,24.996
2426,0,val1,487,24.681,0.005,0.311,24.996
2427,0,val1,473,23.973,0.004,1.020,24.997
2428,0,val2,477,24.175,0.004,0.818,24.997
2429,1,val3,491,24.891,0.003,0.105,24.999
2430,1,val2,483,24.486,0.004,0.510,25.000
2431,1,val2,485,24.587,0.004,0.409,25.000
2432,1,val1,481,24.385,0.003,0.612,25.000
2433,1,val2,487,24.688,0.005,0.307,25.000
2434,1,val1,489,24.790,0.005,0.207,25.002
2435,1,val3,479,24.284,0.003,0.715,25.002
2436,1,val1,475,24.082,0.004,0.918,25.003
2437,1,val3,477,24.182,0.003,0.817,25.003
2438,1,val1,473,23.981,0.004,1.019,25.003
2439,2,val2,475,24.096,0.003,0.911,25.011
2440,2,val3,485,24.603,0.004,0.407,25.014
2441,2,val2,491,24.906,0.004,0.104,25.014
2442,2,val2,487,24.704,0.004,0.306,25.014
2443,2,val1,489,24.805,0.005,0.205,25.015
2444,2,val3,483,24.502,0.004,0.514,25.019
2445,2,val2,477,24.198,0.004,0.818,25.019
2446,2,val1,481,24.400,0.004,0.615,25.020
2447,2,val3,479,24.299,0.004,0.718,25.020
2448,2,val3,473,23.995,0.005,1.021,25.020
2449,3,val3,475,24.109,0.003,0.911,25.024
2450,3,val1,489,24.818,0.004,0.204,25.026
2451,3,val2,487,24.717,0.004,0.306,25.026
2452,3,val3,485,24.616,0.004,0.407,25.027
2453,3,val3,479,24.312,0.004,0.717,25.033
2454,3,val1,473,24.008,0.005,1.020,25.033
2455,3,val2,483,24.515,0.005,0.513,25.034
2456,3,val3,477,24.211,0.004,0.819,25.034
2457,3,val1,481,24.414,0.005,0.616,25.034
2458,3,val2,509,25.830,0.003,0.103,25.936
2459,3,val1,493,25.020,0.003,0.919,25.942
2460,3,val3,507,25.730,0.004,0.209,25.943
2461,3,val2,499,25.324,0.004,0.615,25.943
2462,3,val1,505,25.628,0.005,0.310,25.943
2463,3,val2,501,25.425,0.004,0.514,25.943
2464,3,val3,495,25.122,0.004,0.818,25.944
2465,3,val1,491,24.918,0.004,1.022,25.944
2466,3,val2,503,25.527,0.005,0.412,25.944
2467,3,val3,497,25.223,0.004,0.717,25.945
2468,4,val2,505,25.640,0.003,0.305,25.948
2469,4,val1,507,25.741,0.004,0.203,25.948
2470,4,val2,509,25.842,0.004,0.102,25.949
2471,4,val3,503,25.539,0.004,0.409,25.952
2472,4,val3,491,24.932,0.004,1.016,25.952
2473,4,val1,501,25.438,0.004,0.510,25.952
2474,0,val3,494,25.035,0.004,0.914,25.952
2475,0,val3,510,25.846,0.003,0.103,25.953
2476,4,val1,493,25.034,0.004,0.916,25.953
2477,0,val2,508,25.745,0.004,0.204,25.953
2478,4,val2,495,25.135,0.004,0.815,25.954
2479,4,val3,499,25.338,0.005,0.612,25.954
2480,4,val3,497,25.237,0.005,0.713,25.955
2481,0,val3,506,25.644,0.004,0.310,25.958
2482,0,val1,504,25.542,0.004,0.412,25.958
2483,0,val2,496,25.137,0.004,0.817,25.958
2484,0,val1,500,25.340,0.005,0.614,25.959
2485,0,val2,498,25.238,0.004,0.717,25.959
2486,0,val3,502,25.441,0.005,0.513,25.959
2487,0,val3,492,24.934,0.006,1.019,25.960
2488,1,val2,492,24.942,0.004,1.015,25.961
2489,1,val1,506,25.652,0.004,0.305,25.961
2490,1,val2,510,25.855,0.004,0.103,25.962
2491,1,val2,508,25.754,0.004,0.204,25.963
2492,1,val3,502,25.449,0.004,0.515,25.968
2493,1,val3,496,25.145,0.004,0.819,25.968
2494,1,val1,494,25.043,0.004,0.921,25.969
2495,1,val2,504,25.551,0.005,0.413,25.969
2496,1,val1,500,25.347,0.005,0.617,25.969
2497,1,val1,498,25.247,0.005,0.718,25.969
2498,2,val2,510,25.867,0.003,0.102,25.973
2499,2,val3,508,25.766,0.003,0.206,25.976
2500,2,val3,504,25.564,0.003,0.409,25.976
2501,2,val3,502,25.463,0.003,0.510,25.976
2502,2,val3,506,25.665,0.004,0.307,25.977
2503,2,val3,500,25.362,0.004,0.615,25.981
2504,2,val3,494,25.058,0.004,0.919,25.981
2505,2,val1,492,24.957,0.003,1.021,25.981
2506,2,val3,496,25.160,0.004,0.818,25.982
2507,2,val3,498,25.261,0.005,0.716,25.982
2508,3,val3,500,25.375,0.003,0.608,25.986
2509,3,val2,506,25.679,0.004,0.305,25.987
2510,3,val1,508,25.780,0.004,0.204,25.988
2511,3,val1,510,25.881,0.005,0.103,25.989
2512,3,val2,504,25.578,0.004,0.412,25.994
2513,3,val3,502,25.476,0.004,0.514,25.994
2514,3,val1,498,25.273,0.004,0.718,25.995
2515,3,val2,492,24.969,0.004,1.022,25.995
2516,3,val3,496,25.173,0.004,0.819,25.995
2517,3,val2,494,25.071,0.004,0.920,25.996
2518,4,val2,506,25.690,0.003,0.305,25.998
2519,4,val2,508,25.792,0.004,0.205,26.000
2520,4,val1,510,25.892,0.004,0.104,26.001
2521,4,val2,504,25.590,0.004,0.408,26.001
2522,4,val2,502,25.489,0.003,0.509,26.002
2523,0,val1,511,25.897,0.003,0.104,26.005
2524,0,val1,507,25.694,0.003,0.307,26.005
2525,0,val2,505,25.593,0.004,0.408,26.005
2526,0,val2,495,25.086,0.003,0.917,26.006
2527,0,val2,509,25.796,0.004,0.206,26.007
2528,4,val3,500,25.388,0.004,0.616,26.008
2529,4,val2,492,24.983,0.003,1.022,26.008
2530,4,val3,496,25.186,0.004,0.819,26.009
2531,4,val2,494,25.084,0.004,0.921,26.009
2532,4,val1,498,25.287,0.005,0.717,26.009
2533,0,val1,497,25.187,0.004,0.818,26.009
2534,0,val3,503,25.492,0.004,0.513,26.009
2535,0,val2,493,24.985,0.005,1.020,26.010
2536,0,val1,501,25.391,0.005,0.615,26.010
2537,0,val3,499,25.289,0.005,0.716,26.010
2538,1,val1,509,25.805,0.003,0.204,26.012
2539,1,val1,495,25.094,0.004,0.915,26.013
2540,1,val3,511,25.906,0.004,0.104,26.014
2541,1,val1,507,25.703,0.004,0.311,26.018
2542,1,val3,497,25.196,0.004,0.819,26.019
2543,1,val2,499,25.297,0.004,0.718,26.019
2544,1,val1,505,25.602,0.006,0.412,26.019
2545,1,val3,501,25.398,0.005,0.617,26.020
2546,1,val2,503,25.500,0.005,0.515,26.020
2547,1,val2,493,24.993,0.005,1.022,26.020
2548,2,val1,507,25.715,0.003,0.306,26.024
2549,2,val3,509,25.817,0.004,0.204,26.025
2550,2,val1,505,25.614,0.003,0.414,26.032
2551,2,val2,495,25.109,0.003,0.920,26.032
2552,2,val1,503,25.513,0.003,0.516,26.033
2553,2,val1,501,25.412,0.003,0.618,26.033
2554,2,val3,493,25.008,0.004,1.022,26.033
2555,2,val1,499,25.312,0.004,0.718,26.034
2556,2,val1,497,25.211,0.004,0.820,26.034
2557,1,val1,513,26.008,0.005,0.918,26.931
2558,1,val1,521,26.414,0.005,0.512,26.932
2559,2,val1,519,26.323,0.003,0.608,26.935
2560,2,val1,529,26.830,0.004,0.102,26.936
2561,2,val2,521,26.425,0.004,0.509,26.938
2562,2,val1,523,26.527,0.004,0.407,26.939
2563,2,val2,527,26.729,0.004,0.206,26.939
2564,2,val2,525,26.628,0.004,0.308,26.940
2565,2,val2,517,26.223,0.003,0.715,26.941
2566,2,val1,513,26.019,0.005,0.917,26.941
2567,2,val2,511,25.918,0.004,1.020,26.941
2568,2,val1,515,26.122,0.005,0.815,26.942
2569,3,val1,519,26.337,0.003,0.609,26.950
2570,3,val1,521,26.439,0.004,0.508,26.950
2571,3,val2,523,26.541,0.004,0.407,26.952
2572,3,val3,525,26.641,0.005,0.307,26.953
2573,3,val2,527,26.743,0.005,0.205,26.953
2574,3,val3,529,26.844,0.005,0.105,26.954
2575,3,val3,511,25.932,0.004,1.020,26.955
2576,3,val3,515,26.135,0.004,0.817,26.956
2577,3,val2,513,26.034,0.004,0.919,26.956
2578,3,val2,517,26.237,0.004,0.715,26.956
2579,4,val3,519,26.348,0.004,0.609,26.960
2580,4,val1,529,26.855,0.004,0.103,26.962
2581,4,val3,527,26.754,0.004,0.205,26.963
2582,4,val1,525,26.653,0.004,0.306,26.963
2583,0,val3,530,26.859,0.003,0.104,26.967
2584,0,val3,524,26.555,0.003,0.408,26.967
2585,0,val3,526,26.657,0.004,0.307,26.968
2586,0,val1,528,26.758,0.005,0.204,26.968
2587,4,val1,521,26.450,0.004,0.514,26.968
2588,4,val3,511,25.943,0.004,1.022,26.968
2589,4,val3,513,26.044,0.004,0.920,26.969
2590,4,val2,523,26.552,0.005,0.412,26.969
2591,4,val3,515,26.146,0.004,0.819,26.969
2592,4,val2,517,26.248,0.004,0.718,26.969
2593,0,val1,520,26.353,0.003,0.618,26.974
2594,0,val3,518,26.252,0.004,0.718,26.974
2595,0,val2,512,25.948,0.005,1.021,26.975
2596,0,val1,516,26.151,0.003,0.821,26.975
2597,0,val2,522,26.455,0.005,0.516,26.975
2598,0,val1,514,26.049,0.003,0.923,26.976
2599,1,val3,530,26.869,0.003,0.103,26.976
2600,1,val2,526,26.667,0.003,0.306,26.977
2601,1,val1,524,26.566,0.004,0.407,26.977
2602,1,val2,528,26.769,0.004,0.204,26.977
2603,1,val1,522,26.465,0.004,0.515,26.983
2604,1,val1,516,26.160,0.004,0.820,26.983
2605,1,val2,514,26.059,0.004,0.921,26.984
2606,1,val1,520,26.363,0.004,0.617,26.984
2607,1,val3,512,25.957,0.006,1.022,26.984
2608,1,val1,518,26.262,0.005,0.718,26.985
2609,2,val1,512,25.969,0.003,1.014,26.986
2610,2,val2,528,26.779,0.004,0.204,26.987
2611,2,val1,530,26.881,0.004,0.103,26.988
2612,2,val1,526,26.679,0.004,0.306,26.988
2613,2,val3,524,26.578,0.004,0.412,26.993
2614,2,val3,522,26.476,0.004,0.513,26.993
2615,2,val2,516,26.172,0.004,0.818,26.994
2616,2,val1,518,26.273,0.004,0.717,26.994
2617,2,val2,514,26.071,0.004,0.919,26.994
2618,2,val3,520,26.374,0.004,0.616,26.994
2619,3,val2,514,26.084,0.004,0.914,27.002
2620,3,val3,524,26.591,0.004,0.408,27.003
2621,3,val2,528,26.794,0.004,0.205,27.003
2622,3,val3,530,26.895,0.005,0.103,27.004
2623,3,val2,526,26.692,0.004,0.310,27.006
2624,3,val2,520,26.388,0.004,0.615,27.006
2625,3,val3,518,26.287,0.004,0.716,27.007
2626,3,val1,512,25.983,0.005,1.019,27.007
2627,3,val2,522,26.490,0.004,0.514,27.007
2628,3,val2,516,26.186,0.004,0.818,27.008
2629,4,val3,526,26.704,0.003,0.307,27.014
2630,4,val1,528,26.804,0.003,0.207,27.014
2631,4,val2,524,26.602,0.003,0.409,27.015
2632,4,val3,530,26.906,0.004,0.105,27.015
2633,0,val1,515,26.100,0.003,0.912,27.016
2634,0,val1,527,26.707,0.004,0.306,27.017
2635,0,val3,531,26.909,0.003,0.104,27.017
2636,0,val2,529,26.809,0.004,0.204,27.017
2637,4,val3,522,26.501,0.003,0.516,27.021
2638,4,val2,520,26.399,0.003,0.618,27.021
2639,4,val1,512,25.994,0.004,1.024,27.021
2640,4,val3,518,26.298,0.004,0.720,27.021
2641,4,val1,516,26.197,0.004,0.821,27.022
2642,4,val3,514,26.095,0.004,0.923,27.022
2643,0,val3,525,26.606,0.004,0.413,27.023
2644,0,val2,523,26.505,0.004,0.515,27.023
2645,0,val1,521,26.403,0.004,0.616,27.023
2646,0,val3,519,26.302,0.004,0.717,27.024
2647,0,val2,517,26.201,0.004,0.819,27.024
2648,0,val3,513,25.999,0.007,1.019,27.024
2649,1,val2,515,26.109,0.003,0.913,27.026
2650,1,val2,529,26.819,0.004,0.204,27.027
2651,1,val3,527,26.718,0.004,0.311,27.033
2652,1,val2,525,26.617,0.004,0.413,27.033
2653,1,val3,523,26.515,0.004,0.514,27.033
2654,1,val2,519,26.312,0.004,0.718,27.034
2655,1,val3,517,26.211,0.004,0.819,27.034
2656,1,val1,549,27.830,0.003,0.102,27.936
2657,1,val1,547,27.730,0.003,0.206,27.939
2658,1,val1,545,27.628,0.004,0.307,27.939
2659,1,val1,539,27.324,0.003,0.612,27.939
2660,1,val1,535,27.122,0.003,0.814,27.940
2661,1,val1,543,27.527,0.004,0.410,27.942
2662,1,val3,537,27.223,0.004,0.715,27.942
2663,1,val2,541,27.426,0.005,0.512,27.942
2664,1,val3,531,26.920,0.004,1.019,27.943
2665,1,val3,533,27.022,0.005,0.916,27.943
2666,2,val2,549,27.844,0.004,0.102,27.949
2667,2,val3,533,27.033,0.004,0.914,27.951
2668,2,val2,545,27.641,0.004,0.306,27.951
2669,2,val3,535,27.134,0.004,0.813,27.951
2670,2,val1,547,27.743,0.004,0.207,27.954
2671,2,val3,543,27.540,0.004,0.410,27.954
2672,2,val3,541,27.438,0.005,0.511,27.954
2673,2,val3,539,27.337,0.005,0.613,27.954
2674,2,val1,537,27.236,0.004,0.715,27.955
2675,2,val1,531,26.932,0.004,1.019,27.955
2676,3,val3,549,27.857,0.003,0.104,27.964
2677,3,val1,543,27.554,0.003,0.407,27.964
2678,3,val1,547,27.756,0.004,0.205,27.965
2679,3,val1,545,27.655,0.004,0.306,27.965
2680,3,val3,541,27.453,0.004,0.515,27.971
2681,3,val1,533,27.048,0.003,0.920,27.971
2682,3,val3,537,27.251,0.004,0.717,27.972
2683,3,val1,535,27.149,0.004,0.819,27.972
2684,3,val1,539,27.352,0.004,0.617,27.972
2685,3,val3,531,26.946,0.006,1.020,27.973
2686,0,val2,548,27.769,0.004,0.204,27.976
2687,0,val3,546,27.668,0.004,0.306,27.977
2688,0,val2,550,27.870,0.004,0.104,27.978
2689,4,val1,549,27.870,0.004,0.107,27.981
2690,4,val3,547,27.768,0.004,0.209,27.981
2691,4,val1,539,27.363,0.004,0.615,27.982
2692,4,val3,545,27.666,0.004,0.312,27.982
2693,4,val2,543,27.565,0.003,0.413,27.982
2694,4,val3,533,27.059,0.004,0.919,27.982
2695,4,val2,537,27.262,0.003,0.718,27.983
2696,4,val2,535,27.161,0.004,0.818,27.983
2697,4,val2,541,27.465,0.005,0.513,27.983
2698,4,val1,531,26.957,0.005,1.021,27.984
2699,0,val1,544,27.567,0.004,0.414,27.985
2700,0,val3,538,27.263,0.004,0.719,27.985
2701,0,val2,532,26.960,0.004,1.022,27.986
2702,0,val3,540,27.365,0.005,0.616,27.986
2703,0,val1,534,27.062,0.003,0.922,27.986
2704,0,val1,536,27.162,0.004,0.820,27.987
2705,0,val2,542,27.467,0.005,0.515,27.987
2706,1,val3,542,27.476,0.003,0.508,27.988
2707,1,val1,550,27.881,0.004,0.104,27.988
2708,1,val2,544,27.578,0.004,0.407,27.989
2709,1,val1,548,27.780,0.004,0.205,27.989
2710,1,val3,546,27.679,0.004,0.306,27.989
2711,1,val3,540,27.375,0.004,0.617,27.995
2712,1,val2,536,27.173,0.003,0.820,27.996
2713,1,val1,532,26.970,0.004,1.022,27.996
2714,1,val3,538,27.274,0.003,0.719,27.996
2715,1,val2,534,27.072,0.004,0.921,27.997
2716,2,val1,534,27.083,0.004,0.911,27.998
2717,2,val3,546,27.692,0.004,0.305,28.001
2718,2,val3,548,27.793,0.004,0.205,28.002
2719,2,val1,550,27.894,0.005,0.103,28.002
2720,2,val2,544,27.590,0.004,0.412,28.006
2721,2,val1,542,27.489,0.004,0.514,28.006
2722,2,val2,540,27.388,0.005,0.613,28.006
2723,2,val1,536,27.185,0.004,0.818,28.007
2724,2,val3,538,27.286,0.004,0.717,28.007
2725,2,val1,532,26.982,0.005,1.021,28.007
2726,3,val3,548,27.806,0.003,0.204,28.013
2727,3,val1,550,27.908,0.004,0.104,28.015
2728,3,val2,546,27.705,0.003,0.307,28.015
2729,3,val3,544,27.605,0.003,0.408,28.016
2730,3,val1,534,27.099,0.003,0.914,28.016
2731,3,val2,542,27.503,0.004,0.513,28.020
2732,3,val3,538,27.301,0.004,0.715,28.020
2733,3,val3,532,26.997,0.008,1.015,28.021
2734,3,val2,536,27.200,0.004,0.817,28.021
2735,3,val2,540,27.403,0.005,0.613,28.021
2736,4,val3,544,27.616,0.003,0.408,28.027
2737,4,val1,546,27.717,0.004,0.306,28.028
2738,4,val1,548,27.819,0.004,0.204,28.028
2739,0,val1,549,27.819,0.003,0.208,28.030
2740,0,val2,547,27.719,0.003,0.309,28.031
2741,0,val2,537,27.213,0.003,0.815,28.031
2742,0,val3,545,27.617,0.004,0.410,28.031
2743,4,val1,536,27.211,0.003,0.820,28.034
2744,4,val1,532,27.008,0.004,1.023,28.034
2745,0,val3,535,27.112,0.004,0.919,28.035
2746,0,val2,541,27.416,0.004,0.615,28.035
2747,4,val2,542,27.515,0.003,0.516,28.035
2748,4,val2,540,27.414,0.003,0.618,28.035
2749,4,val2,534,27.110,0.003,0.922,28.035
2750,0,val3,543,27.517,0.004,0.514,28.036
2751,4,val2,538,27.312,0.006,0.718,28.036
2752,0,val3,539,27.314,0.005,0.717,28.036
2753,0,val3,533,27.011,0.005,1.020,28.036
2754,3,val1,552,28.010,0.006,0.915,28.931
2755,4,val1,552,28.022,0.004,0.911,28.936
2756,0,val2,561,28.427,0.003,0.509,28.940
2757,4,val3,566,28.730,0.004,0.205,28.939
2758,4,val2,564,28.629,0.004,0.307,28.940
2759,4,val2,568,28.832,0.005,0.104,28.940
2760,0,val2,565,28.629,0.004,0.307,28.940
2761,0,val1,567,28.730,0.004,0.207,28.941
2762,0,val2,569,28.832,0.004,0.105,28.941
2763,0,val3,563,28.528,0.003,0.412,28.943
2764,0,val1,559,28.326,0.004,0.614,28.944
2765,4,val3,562,28.528,0.004,0.412,28.944
2766,4,val2,554,28.124,0.004,0.817,28.944
2767,4,val1,560,28.427,0.004,0.513,28.945
2768,0,val3,553,28.022,0.004,0.918,28.944
2769,0,val2,557,28.225,0.004,0.716,28.944
2770,0,val3,555,28.124,0.004,0.817,28.945
2771,0,val2,551,27.921,0.007,1.016,28.945
2772,4,val2,558,28.326,0.004,0.615,28.945
2773,4,val2,556,28.225,0.004,0.716,28.945
2774,4,val1,550,27.920,0.006,1.019,28.946
2775,1,val3,551,27.932,0.003,1.015,28.951
2776,1,val2,569,28.844,0.004,0.104,28.951
2777,1,val3,565,28.641,0.004,0.306,28.951
2778,1,val3,567,28.743,0.004,0.205,28.952
2779,1,val3,563,28.540,0.004,0.413,28.957
2780,1,val2,561,28.439,0.004,0.515,28.957
2781,1,val3,559,28.337,0.004,0.617,28.958
2782,1,val3,553,28.034,0.004,0.920,28.958
2783,1,val1,555,28.135,0.004,0.820,28.958
2784,1,val1,557,28.236,0.005,0.718,28.959
2785,2,val2,569,28.855,0.003,0.102,28.961
2786,2,val2,559,28.349,0.003,0.609,28.962
2787,2,val3,565,28.653,0.004,0.306,28.963
2788,2,val1,563,28.552,0.004,0.408,28.964
2789,2,val3,567,28.755,0.004,0.205,28.964
2790,2,val3,561,28.451,0.004,0.512,28.967
2791,2,val2,557,28.248,0.004,0.715,28.967
2792,2,val1,553,28.045,0.003,0.919,28.967
2793,2,val1,551,27.944,0.003,1.020,28.968
2794,2,val3,555,28.147,0.004,0.817,28.968
2795,3,val2,569,28.869,0.003,0.103,28.976
2796,3,val3,567,28.768,0.003,0.204,28.976
2797,3,val2,563,28.567,0.003,0.406,28.976
2798,3,val1,565,28.668,0.004,0.305,28.977
2799,3,val1,561,28.466,0.003,0.514,28.984
2800,3,val3,559,28.365,0.004,0.616,28.984
2801,3,val2,553,28.060,0.003,0.921,28.985
2802,3,val1,555,28.162,0.004,0.820,28.985
2803,3,val2,551,27.958,0.003,1.023,28.985
2804,3,val3,557,28.263,0.004,0.718,28.986
2805,4,val2,567,28.781,0.003,0.206,28.990
2806,4,val1,569,28.882,0.004,0.105,28.990
2807,4,val1,551,27.971,0.004,1.017,28.991
2808,4,val3,565,28.679,0.004,0.308,28.991
2809,4,val3,563,28.578,0.003,0.410,28.992
2810,4,val2,561,28.477,0.004,0.511,28.992
2811,0,val2,570,28.883,0.003,0.105,28.992
2812,0,val1,568,28.781,0.003,0.207,28.992
2813,0,val1,562,28.478,0.004,0.511,28.992
2814,0,val3,566,28.680,0.004,0.309,28.993
2815,0,val1,564,28.579,0.004,0.411,28.994
2816,0,val3,560,28.376,0.004,0.615,28.995
2817,4,val1,555,28.174,0.004,0.817,28.995
2818,0,val3,556,28.174,0.004,0.816,28.995
2819,4,val2,557,28.275,0.005,0.715,28.995
2820,4,val1,553,28.073,0.004,0.919,28.996
2821,4,val1,559,28.376,0.005,0.614,28.996
2822,0,val1,558,28.276,0.003,0.716,28.995
2823,0,val1,554,28.073,0.004,0.919,28.996
2824,0,val1,552,27.972,0.005,1.019,28.996
2825,1,val1,560,28.388,0.003,0.610,29.001
2826,1,val3,566,28.692,0.004,0.306,29.001
2827,1,val3,568,28.793,0.004,0.205,29.002
2828,1,val2,570,28.894,0.004,0.103,29.002
2829,1,val3,564,28.591,0.004,0.412,29.007
2830,1,val1,562,28.489,0.004,0.514,29.007
2831,1,val2,558,28.287,0.003,0.717,29.007
2832,1,val1,554,28.085,0.003,0.920,29.008
2833,1,val3,552,27.982,0.004,1.022,29.008
2834,1,val3,556,28.186,0.004,0.819,29.008
2835,2,val1,556,28.197,0.003,0.810,29.010
2836,2,val2,570,28.906,0.004,0.103,29.013
2837,2,val2,568,28.805,0.004,0.204,29.013
2838,2,val3,566,28.704,0.004,0.306,29.013
2839,2,val1,564,28.603,0.004,0.410,29.017
2840,2,val2,554,28.096,0.004,0.917,29.017
2841,2,val1,558,28.299,0.004,0.714,29.017
2842,2,val2,560,28.400,0.004,0.613,29.017
2843,2,val1,562,28.502,0.005,0.511,29.018
2844,2,val2,552,27.995,0.006,1.017,29.018
2845,3,val3,568,28.819,0.003,0.203,29.025
2846,3,val2,566,28.718,0.004,0.312,29.034
2847,3,val3,554,28.111,0.003,0.919,29.034
2848,3,val1,564,28.617,0.004,0.413,29.034
2849,3,val2,556,28.212,0.004,0.818,29.034
2850,3,val1,558,28.314,0.004,0.716,29.035
2851,3,val3,562,28.516,0.004,0.514,29.035
2852,3,val3,560,28.416,0.004,0.615,29.035
2853,3,val1,584,29.629,0.003,0.307,29.939
2854,3,val1,586,29.731,0.004,0.205,29.940
2855,3,val1,588,29.833,0.004,0.103,29.940
2856,3,val2,582,29.528,0.003,0.414,29.945
2857,3,val3,580,29.426,0.003,0.516,29.946
2858,3,val1,576,29.225,0.005,0.717,29.946
2859,3,val2,578,29.325,0.003,0.618,29.946
2860,3,val3,572,29.021,0.004,0.922,29.947
2861,3,val3,570,28.920,0.004,1.023,29.947
2862,3,val3,574,29.123,0.004,0.820,29.947
2863,4,val1,586,29.741,0.003,0.204,29.948
2864,4,val2,588,29.843,0.004,0.102,29.949
2865,4,val1,572,29.034,0.004,0.914,29.951
2866,4,val1,582,29.539,0.004,0.409,29.952
2867,4,val2,584,29.640,0.004,0.308,29.952
2868,0,val1,573,29.036,0.004,0.915,29.955
2869,0,val2,585,29.646,0.004,0.306,29.956
2870,0,val2,587,29.747,0.004,0.205,29.956
2871,4,val2,580,29.439,0.004,0.514,29.956
2872,0,val1,589,29.848,0.004,0.104,29.956
2873,4,val3,578,29.338,0.004,0.615,29.957
2874,4,val1,574,29.135,0.004,0.818,29.957
2875,4,val2,576,29.237,0.004,0.717,29.958
2876,4,val1,570,28.933,0.005,1.019,29.958
2877,0,val2,581,29.443,0.004,0.515,29.961
2878,0,val3,575,29.138,0.004,0.820,29.962
2879,0,val3,579,29.341,0.005,0.616,29.962
2880,0,val2,571,28.934,0.005,1.023,29.962
2881,0,val2,577,29.239,0.004,0.719,29.963
2882,0,val1,583,29.545,0.005,0.413,29.963
2883,1,val2,581,29.450,0.003,0.510,29.963
2884,1,val3,583,29.551,0.003,0.409,29.964
2885,1,val1,585,29.653,0.004,0.307,29.964
2886,1,val3,589,29.855,0.004,0.105,29.964
2887,1,val2,587,29.754,0.005,0.206,29.965
2888,1,val1,573,29.046,0.003,0.920,29.969
2889,1,val3,575,29.148,0.004,0.818,29.970
2890,1,val2,579,29.349,0.004,0.616,29.970
2891,1,val2,577,29.249,0.004,0.717,29.970
2892,1,val3,571,28.945,0.005,1.021,29.971
2893,2,val2,583,29.564,0.003,0.407,29.974
2894,2,val1,585,29.665,0.004,0.306,29.974
2895,2,val3,589,29.867,0.004,0.103,29.974
2896,2,val3,587,29.766,0.004,0.204,29.975
2897,2,val1,581,29.462,0.003,0.514,29.980
2898,2,val2,575,29.159,0.004,0.818,29.981
2899,2,val1,579,29.361,0.003,0.616,29.981
2900,2,val2,577,29.261,0.004,0.716,29.981
2901,2,val1,573,29.058,0.003,0.920,29.981
2902,2,val1,571,28.956,0.005,1.021,29.982
2903,3,val3,579,29.376,0.003,0.610,29.988
2904,3,val3,585,29.680,0.004,0.306,29.990
2905,3,val1,583,29.579,0.004,0.408,29.990
2906,3,val1,587,29.782,0.004,0.205,29.991
2907,3,val1,581,29.477,0.004,0.513,29.994
2908,3,val3,573,29.073,0.003,0.918,29.994
2909,3,val1,577,29.275,0.003,0.716,29.994
2910,3,val3,571,28.970,0.004,1.021,29.995
2911,3,val1,575,29.174,0.003,0.818,29.995
2912,3,val2,589,29.884,0.007,0.104,29.995
2913,4,val3,585,29.691,0.003,0.307,30.001
2914,4,val2,583,29.590,0.003,0.408,30.001
2915,4,val1,587,29.792,0.004,0.205,30.001
2916,4,val3,589,29.894,0.004,0.104,30.002
2917,0,val2,590,29.899,0.003,0.102,30.004
2918,4,val1,581,29.489,0.003,0.516,30.008
2919,4,val2,579,29.388,0.003,0.617,30.008
2920,4,val3,577,29.287,0.004,0.718,30.009
2921,4,val2,575,29.186,0.003,0.820,30.009
2922,4,val1,571,28.984,0.004,1.022,30.009
2923,4,val2,573,29.085,0.003,0.922,30.010
2924,1,val1,586,29.703,0.003,0.306,30.012
2925,0,val3,586,29.696,0.003,0.313,30.012
2926,0,val2,574,29.087,0.004,0.922,30.013
2927,0,val3,572,28.985,0.003,1.024,30.013
2928,1,val1,588,29.805,0.004,0.205,30.013
2929,0,val2,576,29.189,0.004,0.821,30.013
2930,0,val2,588,29.798,0.005,0.211,30.014
2931,0,val3,578,29.291,0.005,0.719,30.014
2932,1,val2,590,29.906,0.004,0.103,30.014
2933,0,val3,580,29.392,0.005,0.617,30.014
2934,0,val2,584,29.595,0.005,0.414,30.014
2935,0,val1,582,29.494,0.005,0.516,30.015
2936,1,val1,584,29.602,0.003,0.413,30.018
2937,1,val3,580,29.400,0.003,0.616,30.019
2938,1,val3,578,29.299,0.004,0.716,30.019
2939,1,val3,572,28.996,0.003,1.020,30.019
2940,1,val2,574,29.097,0.003,0.919,30.020
2941,1,val2,582,29.501,0.004,0.515,30.020
2942,1,val2,576,29.198,0.004,0.818,30.020
2943,2,val3,582,29.513,0.004,0.509,30.025
2944,2,val2,574,29.109,0.004,0.914,30.026
2945,2,val2,584,29.614,0.004,0.408,30.026
2946,2,val3,586,29.716,0.004,0.306,30.027
2947,2,val3,588,29.817,0.005,0.205,30.027
2948,2,val1,580,29.412,0.004,0.613,30.029
2949,2,val2,576,29.210,0.004,0.815,30.029
2950,2,val2,578,29.311,0.004,0.714,30.029
2951,2,val1,572,29.007,0.005,1.018,30.030
2952,1,val1,592,30.008,0.006,0.913,30.927
2953,2,val3,592,30.019,0.003,0.920,30.942
2954,2,val2,590,29.917,0.004,1.022,30.943
2955,3,val1,592,30.036,0.003,0.909,30.949
2956,3,val2,590,29.935,0.006,1.011,30.952
2957,4,val1,592,30.045,0.003,0.914,30.962
2958,4,val2,590,29.945,0.005,1.015,30.965
2959,0,val1,591,29.950,0.007,1.014,30.971
2960,1,val3,591,29.957,0.006,1.015,30.978
2961,2,val1,591,29.968,0.004,1.011,30.983
2962,3,val1,591,29.985,0.005,1.012,31.003
2963,4,val3,593,30.096,0.003,0.915,31.014
2964,4,val1,591,29.995,0.003,1.016,31.014
2965,0,val2,592,30.001,0.004,1.013,31.019
